Strategy: 6BCE SHORT + below-VWAP filter
  Signal: close[i] == max(close[i-5..i]), hour[i]<15
  Filter: close[i] < VWAP[i]  (strict; ties excluded)
  Entry:  SHORT open[i+1], same day, hour[i+1]<15
Rules: backtesting_rules_v2.md | Data: DS3 30 stocks 2015-2025

Loading stocks (+ VWAP)...
Loaded 30 stocks. Running 10 × 9 = 90 combos...

  SL=1.5 done
  SL=2.0 done
  SL=2.5 done
  SL=3.0 done
  SL=3.5 done
  SL=4.0 done
  SL=4.5 done
  SL=5.0 done
  SL=5.5 done
  SL=6.0 done

Cache saved: /home/ubuntu/CodePonting/Algo_Trading/Framework_V2/strategies/6bce/v1_vwap/sweep_cache_v1_vwap.npz

==========================================================================================
90-COMBO SWEEP TABLE
==========================================================================================
     SL     TP         N   Days      PF     ZPF    Sh(D)    ZSh(D)   %ProfD   ConsScr
  --------------------------------------------------------------------------------------
    1.5    2.0   138,345   2855   1.166   0.684    3.183    -8.379     24.0   -12.510
    1.5    2.5   125,482   2855   1.174   0.724    3.032    -6.556     26.7   -10.079
    1.5    3.0   116,327   2855   1.193   0.756    3.048    -5.232     30.2    -8.407
    1.5    3.5   109,554   2855   1.203   0.776    2.943    -4.382     31.1    -7.241
    1.5    4.0   104,571   2855   1.211   0.791    2.900    -3.860     32.8    -6.547
    1.5    4.5   100,682   2855   1.216   0.800    2.806    -3.465     33.1    -6.107
    1.5    5.0    97,668   2855   1.218   0.805    2.780    -3.300     33.7    -5.784
    1.5    5.5    95,326   2855   1.218   0.807    2.735    -3.177     33.9    -5.579
    1.5    6.0    93,617   2855   1.220   0.811    2.718    -3.065     34.2    -5.415
    2.0    2.0   127,357   2855   1.163   0.718    2.879    -6.593     27.8    -9.936
    2.0    2.5   115,194   2855   1.173   0.760    2.795    -5.099     31.1    -8.010
    2.0    3.0   106,561   2855   1.190   0.792    2.828    -4.042     33.3    -6.712
    2.0    3.5   100,227   2855   1.199   0.812    2.760    -3.372     34.1    -5.799
    2.0    4.0    95,571   2855   1.207   0.826    2.733    -2.940     35.8    -5.244
    2.0    4.5    91,967   2855   1.210   0.834    2.642    -2.667     36.1    -4.939
    2.0    5.0    89,145   2855   1.209   0.838    2.577    -2.530     36.6    -4.716
    2.0    5.5    86,953   2855   1.211   0.841    2.534    -2.408     37.0    -4.522
    2.0    6.0    85,397   2855   1.212   0.845    2.524    -2.313     37.3    -4.415
    2.5    2.0   121,203   2855   1.161   0.737    2.648    -5.617     31.3    -8.625
    2.5    2.5   109,355   2855   1.173   0.780    2.610    -4.235     33.7    -6.803
    2.5    3.0   101,065   2855   1.190   0.813    2.654    -3.324     35.5    -5.646
    2.5    3.5    95,028   2855   1.197   0.831    2.571    -2.776     36.9    -4.920
    2.5    4.0    90,613   2855   1.201   0.844    2.521    -2.444     37.7    -4.534
    2.5    4.5    87,118   2855   1.204   0.851    2.438    -2.212     37.5    -4.262
    2.5    5.0    84,441   2855   1.204   0.855    2.407    -2.112     37.8    -4.082
    2.5    5.5    82,391   2855   1.203   0.858    2.364    -2.031     37.8    -3.923
    2.5    6.0    80,900   2855   1.205   0.861    2.348    -1.950     38.1    -3.829
    3.0    2.0   117,666   2855   1.156   0.745    2.439    -5.098     33.2    -7.866
    3.0    2.5   106,068   2855   1.167   0.788    2.415    -3.861     35.5    -6.286
    3.0    3.0    97,939   2855   1.183   0.820    2.455    -3.030     37.0    -5.200
    3.0    3.5    92,072   2855   1.189   0.838    2.384    -2.535     37.8    -4.512
    3.0    4.0    87,772   2855   1.193   0.850    2.327    -2.231     38.6    -4.172
    3.0    4.5    84,371   2855   1.194   0.858    2.255    -2.019     38.6    -3.926
    3.0    5.0    81,776   2855   1.196   0.863    2.221    -1.892     39.0    -3.778
    3.0    5.5    79,795   2855   1.196   0.866    2.193    -1.817     39.3    -3.639
    3.0    6.0    78,317   2855   1.197   0.869    2.179    -1.756     39.4    -3.567
    3.5    2.0   115,612   2855   1.155   0.751    2.322    -4.734     35.1    -7.478
    3.5    2.5   104,127   2855   1.166   0.794    2.300    -3.576     37.4    -6.029
    3.5    3.0    96,106   2855   1.181   0.826    2.341    -2.797     38.6    -5.028
    3.5    3.5    90,321   2855   1.187   0.844    2.279    -2.340     39.0    -4.370
    3.5    4.0    86,072   2855   1.191   0.856    2.229    -2.059     39.9    -4.038
    3.5    4.5    82,717   2855   1.193   0.864    2.168    -1.857     40.1    -3.816
    3.5    5.0    80,161   2855   1.195   0.869    2.146    -1.734     40.1    -3.683
    3.5    5.5    78,202   2855   1.196   0.872    2.122    -1.664     40.5    -3.542
    3.5    6.0    76,734   2855   1.195   0.874    2.104    -1.625     40.4    -3.465
    4.0    2.0   114,322   2855   1.151   0.753    2.185    -4.492     35.8    -7.040
    4.0    2.5   102,918   2855   1.162   0.796    2.177    -3.412     38.2    -5.721
    4.0    3.0    94,975   2855   1.177   0.827    2.229    -2.681     39.6    -4.803
    4.0    3.5    89,215   2855   1.182   0.845    2.166    -2.264     40.1    -4.221
    4.0    4.0    84,987   2855   1.185   0.856    2.124    -2.002     40.6    -3.932
    4.0    4.5    81,667   2855   1.186   0.864    2.062    -1.819     40.6    -3.716
    4.0    5.0    79,130   2855   1.189   0.870    2.038    -1.681     40.5    -3.564
    4.0    5.5    77,181   2855   1.190   0.873    2.017    -1.613     40.9    -3.441
    4.0    6.0    75,730   2855   1.189   0.875    1.997    -1.570     41.1    -3.360
    4.5    2.0   113,549   2855   1.144   0.752    2.029    -4.353     36.3    -6.750
    4.5    2.5   102,177   2855   1.158   0.796    2.065    -3.298     38.5    -5.481
    4.5    3.0    94,263   2855   1.173   0.828    2.126    -2.598     40.2    -4.596
    4.5    3.5    88,536   2855   1.178   0.845    2.069    -2.198     40.9    -4.038
    4.5    4.0    84,321   2855   1.181   0.857    2.033    -1.944     41.1    -3.767
    4.5    4.5    81,004   2855   1.181   0.863    1.968    -1.779     41.0    -3.594
    4.5    5.0    78,480   2855   1.183   0.869    1.937    -1.657     41.0    -3.459
    4.5    5.5    76,533   2855   1.184   0.872    1.919    -1.590     41.2    -3.348
    4.5    6.0    75,092   2855   1.183   0.874    1.898    -1.549     41.5    -3.276
    5.0    2.0   113,008   2855   1.138   0.749    1.891    -4.274     37.1    -6.602
    5.0    2.5   101,662   2855   1.151   0.793    1.938    -3.255     38.9    -5.345
    5.0    3.0    93,754   2855   1.166   0.825    2.006    -2.578     40.6    -4.479
    5.0    3.5    88,041   2855   1.171   0.843    1.961    -2.185     40.7    -3.946
    5.0    4.0    83,831   2855   1.174   0.854    1.931    -1.938     41.4    -3.694
    5.0    4.5    80,512   2855   1.174   0.861    1.866    -1.781     41.4    -3.539
    5.0    5.0    77,982   2855   1.176   0.866    1.840    -1.659     41.5    -3.409
    5.0    5.5    76,045   2855   1.177   0.870    1.825    -1.591     41.6    -3.301
    5.0    6.0    74,605   2855   1.177   0.872    1.807    -1.546     41.5    -3.229
    5.5    2.0   112,631   2855   1.137   0.750    1.838    -4.155     37.7    -6.436
    5.5    2.5   101,303   2855   1.150   0.794    1.887    -3.171     39.6    -5.205
    5.5    3.0    93,404   2855   1.166   0.826    1.957    -2.509     40.8    -4.364
    5.5    3.5    87,697   2855   1.172   0.844    1.924    -2.114     41.4    -3.843
    5.5    4.0    83,490   2855   1.175   0.856    1.890    -1.876     41.7    -3.594
    5.5    4.5    80,176   2855   1.175   0.862    1.831    -1.717     42.1    -3.442
    5.5    5.0    77,653   2855   1.176   0.868    1.810    -1.615     42.0    -3.318
    5.5    5.5    75,717   2855   1.178   0.871    1.799    -1.544     42.1    -3.209
    5.5    6.0    74,278   2855   1.177   0.873    1.778    -1.505     42.0    -3.141
    6.0    2.0   112,406   2855   1.133   0.748    1.762    -4.110     38.2    -6.313
    6.0    2.5   101,086   2855   1.147   0.792    1.817    -3.151     39.9    -5.123
    6.0    3.0    93,194   2855   1.162   0.824    1.888    -2.503     40.8    -4.310
    6.0    3.5    87,489   2855   1.168   0.842    1.862    -2.112     41.3    -3.789
    6.0    4.0    83,283   2855   1.171   0.854    1.830    -1.879     41.5    -3.544
    6.0    4.5    79,976   2855   1.171   0.861    1.776    -1.719     42.0    -3.395
    6.0    5.0    77,452   2855   1.173   0.866    1.761    -1.613     42.3    -3.269
    6.0    5.5    75,514   2855   1.174   0.870    1.749    -1.545     42.4    -3.169
    6.0    6.0    74,076   2855   1.173   0.871    1.724    -1.510     42.2    -3.109

ZPF Grid (rows=SL, cols=TP):
  SL\TP    2.0   2.5   3.0   3.5   4.0   4.5   5.0   5.5   6.0
    1.5  0.684 0.724 0.756 0.776 0.791 0.800 0.805 0.807 0.811
    2.0  0.718 0.760 0.792 0.812 0.826 0.834 0.838 0.841 0.845
    2.5  0.737 0.780 0.813 0.831 0.844 0.851 0.855 0.858 0.861
    3.0  0.745 0.788 0.820 0.838 0.850 0.858 0.863 0.866 0.869
    3.5  0.751 0.794 0.826 0.844 0.856 0.864 0.869 0.872 0.874
    4.0  0.753 0.796 0.827 0.845 0.856 0.864 0.870 0.873 0.875
    4.5  0.752 0.796 0.828 0.845 0.857 0.863 0.869 0.872 0.874
    5.0  0.749 0.793 0.825 0.843 0.854 0.861 0.866 0.870 0.872
    5.5  0.750 0.794 0.826 0.844 0.856 0.862 0.868 0.871 0.873
    6.0  0.748 0.792 0.824 0.842 0.854 0.861 0.866 0.870 0.871

PF Grid (rows=SL, cols=TP):
  SL\TP    2.0   2.5   3.0   3.5   4.0   4.5   5.0   5.5   6.0
    1.5  1.166 1.174 1.193 1.203 1.211 1.216 1.218 1.218 1.220
    2.0  1.163 1.173 1.190 1.199 1.207 1.210 1.209 1.211 1.212
    2.5  1.161 1.173 1.190 1.197 1.201 1.204 1.204 1.203 1.205
    3.0  1.156 1.167 1.183 1.189 1.193 1.194 1.196 1.196 1.197
    3.5  1.155 1.166 1.181 1.187 1.191 1.193 1.195 1.196 1.195
    4.0  1.151 1.162 1.177 1.182 1.185 1.186 1.189 1.190 1.189
    4.5  1.144 1.158 1.173 1.178 1.181 1.181 1.183 1.184 1.183
    5.0  1.138 1.151 1.166 1.171 1.174 1.174 1.176 1.177 1.177
    5.5  1.137 1.150 1.166 1.172 1.175 1.175 1.176 1.178 1.177
    6.0  1.133 1.147 1.162 1.168 1.171 1.171 1.173 1.174 1.173

Top 5 by ZPF:
     SL     TP         N      PF     ZPF    Sh(D)    ZSh(D)   %ProfDays   ConsScr
    4.0    6.0    75,730   1.189   0.875    1.997    -1.570        41.1    -3.360
    3.5    6.0    76,734   1.195   0.874    2.104    -1.625        40.4    -3.465
    4.5    6.0    75,092   1.183   0.874    1.898    -1.549        41.5    -3.276
    4.0    5.5    77,181   1.190   0.873    2.017    -1.613        40.9    -3.441
    5.5    6.0    74,278   1.177   0.873    1.778    -1.505        42.0    -3.141

Top 5 by ZSh(D):
     SL     TP         N      PF     ZPF    Sh(D)    ZSh(D)   %ProfDays   ConsScr
    5.5    6.0    74,278   1.177   0.873    1.778    -1.505        42.0    -3.141
    6.0    6.0    74,076   1.173   0.871    1.724    -1.510        42.2    -3.109
    5.5    5.5    75,717   1.178   0.871    1.799    -1.544        42.1    -3.209
    6.0    5.5    75,514   1.174   0.870    1.749    -1.545        42.4    -3.169
    5.0    6.0    74,605   1.177   0.872    1.807    -1.546        41.5    -3.229

Top 5 by Consistency Score (mean yearly ZSh - std yearly ZSh):
     SL     TP         N      PF     ZPF    Sh(D)    ZSh(D)   %ProfDays   ConsScr
    6.0    6.0    74,076   1.173   0.871    1.724    -1.510        42.2    -3.109
    5.5    6.0    74,278   1.177   0.873    1.778    -1.505        42.0    -3.141
    6.0    5.5    75,514   1.174   0.870    1.749    -1.545        42.4    -3.169
    5.5    5.5    75,717   1.178   0.871    1.799    -1.544        42.1    -3.209
    5.0    6.0    74,605   1.177   0.872    1.807    -1.546        41.5    -3.229

==========================================================================================
Best combo by ZPF: SL=4.0x  TP=6.0x
Overall: N=75,730  Days=2855  PF=1.189  ZPF=0.875  Sh(D)=1.997  ZSh(D)=-1.57  ProfDays=41.1%  ConsScr=-3.36

Year-wise (best ZPF combo):
   Year        N   Days      PF     ZPF    Sh(D)    ZSh(D)   %ProfDays    
   2015    5,843    226   1.326   1.021    3.727     0.278        45.6   ✅
   2016    6,452    245   1.179   0.887    2.165    -1.638        40.8   ❌
   2017    6,676    247   1.295   0.935    3.899    -1.048        40.1   🟡
   2018    6,624    244   1.360   1.034    4.408     0.501        45.9   ✅
   2019    6,543    243   1.313   0.993    3.471    -0.093        44.4   🟡
   2020    6,756    251   1.352   1.091    3.309     0.974        48.6   ✅
   2021    6,716    247   1.273   0.964    2.885    -0.449        44.1   🟡
   2022    6,538    247   1.143   0.857    1.508    -1.790        40.1   ❌
   2023    6,386    245   1.133   0.765    1.620    -3.623        33.9   ❌
   2024    6,325    247   1.181   0.858    1.873    -1.780        38.1   ❌
   2025    6,485    249   1.040   0.709    0.517    -4.660        35.3   ❌
   2026    4,386    164   0.970   0.693   -0.381    -4.694        34.1   ❌

==========================================================================================
Best combo by Consistency Score: SL=6.0x  TP=6.0x
Overall: N=74,076  Days=2855  PF=1.173  ZPF=0.871  Sh(D)=1.724  ZSh(D)=-1.51  ProfDays=42.2%  ConsScr=-3.109

Year-wise (best Consistency combo):
   Year        N   Days      PF     ZPF    Sh(D)    ZSh(D)   %ProfDays    
   2015    5,703    226   1.316   1.021    3.410     0.269        46.0   ✅
   2016    6,301    245   1.164   0.883    1.890    -1.600        45.7   ❌
   2017    6,520    247   1.293   0.943    3.691    -0.865        42.1   🟡
   2018    6,490    244   1.330   1.022    3.775     0.290        48.4   ✅
   2019    6,418    243   1.291   0.984    3.089    -0.194        46.5   🟡
   2020    6,627    251   1.362   1.106    3.228     1.072        47.0   ✅
   2021    6,576    247   1.228   0.939    2.332    -0.727        43.7   🟡
   2022    6,399    247   1.147   0.865    1.455    -1.570        40.9   ❌
   2023    6,259    245   1.120   0.764    1.410    -3.453        34.7   ❌
   2024    6,210    247   1.143   0.839    1.441    -1.940        38.9   ❌
   2025    6,295    249   1.037   0.716    0.438    -4.113        35.7   ❌
   2026    4,278    164   0.951   0.686   -0.559    -4.259        35.4   ❌

==========================================================================================
Viability (rules §12): need ZPF > 1.0 AND ZSh(D) > 0
  Best ZPF combo      SL=4.0/6.0: ZPF=0.875  ZSh(D)=-1.57  → FAIL
  Best ConsScr combo  SL=6.0/6.0: ZPF=0.871  ZSh(D)=-1.51  → FAIL
