signal_id,stock,datetime,p01,p02,p03,p04,p05,p06,p07,p07_na,p08,p09,p10,p11,p11_open,p12,same_candle_tb,bounce_bar_index,entry_bar_index,bounce_datetime,entry_datetime,exit_datetime,entry_price,sl,target,pnl,outcome
S001,WIPRO,2022-01-03 13:05:00+05:30,-0.0335,-0.0495,0,,0.9815,50.0,-0.6899,0,0.5885,1.0,9,0,0,1,0,9,10,2022-01-03 13:50:00+05:30,2022-01-03 13:55:00+05:30,2022-01-03 15:00:00+05:30,343.25,342.4285714285714,344.72857142857146,-0.45,EOD-
S002,WIPRO,2022-01-03 14:05:00+05:30,-0.0087,-0.0452,2,2.0,0.5344,50.0,-0.1549,0,0.7189,1.0,1,0,0,1,0,1,2,2022-01-03 14:10:00+05:30,2022-01-03 14:15:00+05:30,2022-01-03 15:00:00+05:30,343.05,342.21964285714284,344.5446428571429,-0.25,EOD-
S003,WIPRO,2022-01-03 14:20:00+05:30,-0.0095,-0.0087,0,,0.308,28.57,0.8182,0,1.3294,,0,1,0,0,1,0,1,2022-01-03 14:20:00+05:30,2022-01-03 14:25:00+05:30,2022-01-03 15:00:00+05:30,343.2,342.3071428571428,344.8071428571429,-0.4,EOD-
S004,WIPRO,2022-01-04 10:05:00+05:30,-0.1876,-0.1721,0,,1.1841,11.11,-0.7053,0,0.6449,1.0,9,1,0,1,0,9,10,2022-01-04 10:50:00+05:30,2022-01-04 10:55:00+05:30,2022-01-04 15:00:00+05:30,341.9,339.03392857142853,347.05892857142857,2.0,EOD+
S005,WIPRO,2022-01-04 11:15:00+05:30,-0.0308,-0.1128,4,3.0,0.2158,0.0,1.439,0,1.2318,,0,0,0,0,1,0,1,2022-01-04 11:15:00+05:30,2022-01-04 11:20:00+05:30,2022-01-04 12:35:00+05:30,341.6,340.4125,343.7375,2.1375,W
S006,WIPRO,2022-01-04 11:25:00+05:30,0.0022,-0.0718,0,,1.2979,42.86,-0.7753,0,0.7917,1.0,3,0,0,1,0,3,4,2022-01-04 11:40:00+05:30,2022-01-04 11:45:00+05:30,2022-01-04 12:40:00+05:30,341.65,340.3642857142857,343.96428571428567,2.3143,W
S007,WIPRO,2022-01-04 11:50:00+05:30,0.0124,0.0322,0,,0.2333,28.57,0.3636,0,0.5685,,0,1,0,0,1,0,1,2022-01-04 11:50:00+05:30,2022-01-04 11:55:00+05:30,2022-01-04 12:35:00+05:30,341.55,340.3714285714286,343.6714285714285,2.1214,W
S008,WIPRO,2022-01-04 12:00:00+05:30,-0.0007,0.0278,0,,0.611,25.0,-0.2233,0,1.1452,1.0,3,1,1,1,0,3,4,2022-01-04 12:15:00+05:30,2022-01-04 12:20:00+05:30,2022-01-04 12:35:00+05:30,341.75,340.6964285714286,343.6464285714285,1.8964,W
S009,WIPRO,2022-01-04 13:40:00+05:30,0.1848,0.2134,16,8.0,0.3297,64.71,-0.3443,0,1.0146,1.0,2,1,0,0,0,2,3,2022-01-04 13:50:00+05:30,2022-01-04 13:55:00+05:30,2022-01-04 15:00:00+05:30,343.95,341.63749999999993,348.11250000000007,-0.05,EOD-
S010,WIPRO,2022-01-04 14:00:00+05:30,0.1773,0.1731,0,,0.0737,50.0,3.6154,0,0.3312,,0,0,0,1,1,0,1,2022-01-04 14:00:00+05:30,2022-01-04 14:05:00+05:30,2022-01-04 15:00:00+05:30,344.6,342.39464285714286,348.5696428571429,-0.7,EOD-
S011,WIPRO,2022-01-04 14:10:00+05:30,0.1496,0.1679,0,,0.8765,69.23,-0.7222,0,0.3653,0.0,1,0,0,1,0,1,2,2022-01-04 14:15:00+05:30,2022-01-04 14:20:00+05:30,2022-01-04 15:00:00+05:30,344.4,342.34642857142853,348.0964285714286,-0.5,EOD-
S012,WIPRO,2022-01-04 14:25:00+05:30,0.0429,0.1496,0,,0.6023,55.56,-1.0,0,0.4419,0.0,1,1,0,0,0,1,2,2022-01-04 14:30:00+05:30,2022-01-04 14:35:00+05:30,2022-01-04 15:00:00+05:30,344.2,342.2803571428571,347.6553571428572,-0.3,EOD-
S013,WIPRO,2022-01-05 10:40:00+05:30,-0.3919,-0.3031,0,,2.4155,100.0,-1.0,0,2.5046,1.0,9,0,0,0,0,9,10,2022-01-05 11:25:00+05:30,2022-01-05 11:30:00+05:30,2022-01-05 15:00:00+05:30,338.85,336.7696428571429,342.5946428571428,1.7,EOD+
S014,WIPRO,2022-01-05 11:35:00+05:30,-0.1351,-0.2383,0,,1.1242,62.5,-0.8417,0,1.2804,1.0,3,1,0,0,0,3,4,2022-01-05 11:50:00+05:30,2022-01-05 11:55:00+05:30,2022-01-05 13:30:00+05:30,338.45,336.34285714285716,342.2428571428571,3.7929,W
S015,WIPRO,2022-01-05 14:00:00+05:30,0.1598,0.2231,25,3.0,0.3301,45.0,1.1978,0,0.9616,,0,0,1,0,1,0,1,2022-01-05 14:00:00+05:30,2022-01-05 14:05:00+05:30,2022-01-05 15:00:00+05:30,341.35,339.62678571428575,344.45178571428573,-0.8,EOD-
S016,WIPRO,2022-01-05 14:10:00+05:30,0.1136,0.176,0,,0.4946,10.0,-0.2308,0,1.0829,1.0,1,0,0,0,0,1,2,2022-01-05 14:15:00+05:30,2022-01-05 14:20:00+05:30,2022-01-05 15:00:00+05:30,341.55,339.90714285714284,344.50714285714287,-1.0,EOD-
S017,WIPRO,2022-01-06 09:15:00+05:30,,,0,,6.1554,18.75,-0.5797,0,1.3154,0.0,9,1,0,0,0,9,10,2022-01-06 10:00:00+05:30,2022-01-06 10:05:00+05:30,2022-01-06 11:15:00+05:30,339.75,337.2857142857143,344.18571428571425,-2.4643,L
S018,WIPRO,2022-01-06 10:10:00+05:30,-0.106,-0.2201,0,,0.1485,56.25,-0.1209,0,0.6077,1.0,1,0,0,1,0,1,2,2022-01-06 10:15:00+05:30,2022-01-06 10:20:00+05:30,2022-01-06 12:00:00+05:30,339.95,336.1196428571428,346.84464285714284,-3.8304,L
S019,WIPRO,2022-01-06 12:05:00+05:30,-0.2135,-0.1769,0,,3.3289,8.33,-0.7508,0,2.0161,1.0,9,0,0,0,0,9,10,2022-01-06 12:50:00+05:30,2022-01-06 12:55:00+05:30,2022-01-06 13:15:00+05:30,337.75,336.5446428571429,339.91964285714283,-1.2054,L
S020,WIPRO,2022-01-06 13:15:00+05:30,-0.0059,-0.0371,4,4.0,0.4097,22.22,0.3592,0,0.4555,,0,0,0,1,1,0,1,2022-01-06 13:15:00+05:30,2022-01-06 13:20:00+05:30,2022-01-06 15:00:00+05:30,336.95,335.37857142857143,339.7785714285714,1.2,EOD+
S021,WIPRO,2022-01-06 13:25:00+05:30,0.0037,-0.0119,0,,0.4769,30.0,0.129,0,0.7137,,0,1,0,0,1,0,1,2022-01-06 13:25:00+05:30,2022-01-06 13:30:00+05:30,2022-01-06 15:00:00+05:30,336.95,335.325,339.875,1.2,EOD+
S022,WIPRO,2022-01-06 13:55:00+05:30,0.086,0.0453,4,3.0,0.1972,55.56,-0.2157,0,1.6427,1.0,5,1,0,1,0,5,6,2022-01-06 14:20:00+05:30,2022-01-06 14:25:00+05:30,2022-01-06 15:00:00+05:30,337.9,336.28392857142853,340.80892857142857,0.25,EOD+
S023,WIPRO,2022-01-07 11:00:00+05:30,0.3918,0.5173,21,5.0,0.3575,60.0,0.6807,0,0.9709,,0,0,0,0,1,0,1,2022-01-07 11:00:00+05:30,2022-01-07 11:05:00+05:30,2022-01-07 11:40:00+05:30,343.5,341.4196428571429,347.2446428571428,-2.0804,L
S024,WIPRO,2022-01-07 12:25:00+05:30,-0.2538,-0.2139,0,,4.152,33.33,-0.9339,0,1.3119,1.0,9,0,1,0,0,9,10,2022-01-07 13:10:00+05:30,2022-01-07 13:15:00+05:30,2022-01-07 15:00:00+05:30,340.85,339.93928571428575,342.48928571428576,0.7,EOD+
S025,WIPRO,2022-01-07 13:20:00+05:30,-0.1123,-0.1849,0,,0.4577,87.5,-0.8039,0,0.5074,0.0,2,0,0,1,0,2,3,2022-01-07 13:30:00+05:30,2022-01-07 13:35:00+05:30,2022-01-07 15:00:00+05:30,341.25,339.8571428571429,343.7571428571428,0.3,EOD+
S026,WIPRO,2022-01-07 14:10:00+05:30,0.0404,0.0411,7,6.0,0.1668,78.57,-0.1304,0,0.6591,1.0,1,1,1,0,0,1,2,2022-01-07 14:15:00+05:30,2022-01-07 14:20:00+05:30,2022-01-07 15:00:00+05:30,340.85,339.12678571428575,343.95178571428573,0.7,EOD+
S027,WIPRO,2022-01-07 14:25:00+05:30,0.0616,0.0404,0,,0.0761,55.56,0.0,0,0.7296,,0,0,0,0,1,0,1,2022-01-07 14:25:00+05:30,2022-01-07 14:30:00+05:30,2022-01-07 15:00:00+05:30,341.35,339.7071428571429,344.3071428571429,0.2,EOD+
S028,WIPRO,2022-01-10 10:10:00+05:30,-0.6729,-0.6799,0,,2.6775,40.91,-0.902,0,0.3452,0.0,9,1,0,1,0,9,10,2022-01-10 10:55:00+05:30,2022-01-10 11:00:00+05:30,2022-01-10 15:00:00+05:30,332.7,328.41428571428565,340.41428571428577,-0.7,EOD-
S029,WIPRO,2022-01-10 11:20:00+05:30,-0.0527,-0.2898,4,4.0,0.2854,6.67,1.0755,0,0.4899,,0,0,1,0,1,0,1,2022-01-10 11:20:00+05:30,2022-01-10 11:25:00+05:30,2022-01-10 15:00:00+05:30,332.45,330.12857142857143,336.62857142857143,-0.45,EOD-
S030,WIPRO,2022-01-10 11:30:00+05:30,0.0346,-0.1031,0,,0.1784,40.0,-1.0,0,0.4604,1.0,1,0,1,1,0,1,2,2022-01-10 11:35:00+05:30,2022-01-10 11:40:00+05:30,2022-01-10 15:00:00+05:30,332.7,330.8428571428571,336.04285714285714,-0.7,EOD-
S031,WIPRO,2022-01-10 11:45:00+05:30,0.0466,0.0346,0,,0.6058,22.22,-0.3243,0,0.6917,1.0,4,0,0,0,0,4,5,2022-01-10 12:05:00+05:30,2022-01-10 12:10:00+05:30,2022-01-10 15:00:00+05:30,332.3,330.7732142857143,335.0482142857143,-0.3,EOD-
S032,WIPRO,2022-01-10 12:15:00+05:30,0.0038,-0.0135,0,,0.6722,71.43,-0.6694,0,0.5678,,0,0,0,1,1,0,1,2022-01-10 12:15:00+05:30,2022-01-10 12:20:00+05:30,2022-01-10 15:00:00+05:30,332.35,331.225,334.37500000000006,-0.35,EOD-
S033,WIPRO,2022-01-10 12:25:00+05:30,0.0316,0.0015,0,,1.3484,69.23,-0.7447,0,1.2503,1.0,3,0,0,1,0,3,4,2022-01-10 12:40:00+05:30,2022-01-10 12:45:00+05:30,2022-01-10 15:00:00+05:30,332.45,331.36071428571427,334.41071428571433,-0.45,EOD-
S034,WIPRO,2022-01-10 12:50:00+05:30,-0.0399,0.0015,0,,0.7764,30.0,-0.3443,0,1.1188,0.0,2,1,0,0,0,2,3,2022-01-10 13:00:00+05:30,2022-01-10 13:05:00+05:30,2022-01-10 15:00:00+05:30,332.3,331.3178571428571,334.0678571428572,-0.3,EOD-
S035,WIPRO,2022-01-10 13:25:00+05:30,0.0248,-0.0053,3,2.0,0.2582,53.85,1.2222,0,1.1164,,0,0,0,0,1,0,1,2022-01-10 13:25:00+05:30,2022-01-10 13:30:00+05:30,2022-01-10 15:00:00+05:30,332.4,331.31071428571425,334.36071428571427,-0.4,EOD-
S036,WIPRO,2022-01-10 13:35:00+05:30,0.0128,0.0218,0,,0.6074,28.57,-1.0,0,1.4918,1.0,1,1,0,1,0,1,2,2022-01-10 13:40:00+05:30,2022-01-10 13:45:00+05:30,2022-01-10 15:00:00+05:30,332.45,331.3696428571428,334.3946428571429,-0.45,EOD-
S037,WIPRO,2022-01-10 13:55:00+05:30,0.0256,0.0158,2,2.0,0.1,18.18,5.3158,0,1.3637,,0,1,0,0,1,0,1,2022-01-10 13:55:00+05:30,2022-01-10 14:00:00+05:30,2022-01-10 15:00:00+05:30,332.6,331.4125,334.73750000000007,-0.6,EOD-
S038,WIPRO,2022-01-10 14:15:00+05:30,0.0564,0.0369,3,1.0,0.2504,75.0,-0.1837,0,0.5637,0.0,3,0,0,0,0,3,4,2022-01-10 14:30:00+05:30,2022-01-10 14:35:00+05:30,2022-01-10 15:00:00+05:30,332.7,331.47678571428565,334.9017857142857,-0.7,EOD-
S039,WIPRO,2022-01-11 09:15:00+05:30,,,0,,2.8842,13.89,-0.2012,0,0.8008,0.0,6,0,0,0,0,6,7,2022-01-11 09:45:00+05:30,2022-01-11 09:50:00+05:30,2022-01-11 09:55:00+05:30,332.25,330.8392857142857,334.78928571428565,-1.4107,L
S040,WIPRO,2022-01-11 09:55:00+05:30,-0.0799,-0.1153,0,,1.0993,64.0,-0.6154,0,0.5652,0.0,9,0,0,0,0,9,10,2022-01-11 10:40:00+05:30,2022-01-11 10:45:00+05:30,2022-01-11 15:00:00+05:30,331.35,328.68928571428575,336.1392857142857,0.7,EOD+
S041,WIPRO,2022-01-11 10:50:00+05:30,-0.0423,-0.1057,0,,0.1729,23.08,-0.3651,0,0.641,1.0,1,0,0,0,0,1,2,2022-01-11 10:55:00+05:30,2022-01-11 11:00:00+05:30,2022-01-11 15:00:00+05:30,331.75,329.4732142857143,335.8482142857143,0.3,EOD+
S042,WIPRO,2022-01-11 12:10:00+05:30,0.1746,0.2117,14,6.0,0.2568,60.0,0.2903,0,0.8693,,0,1,1,0,1,0,1,2022-01-11 12:10:00+05:30,2022-01-11 12:15:00+05:30,2022-01-11 15:00:00+05:30,332.2,330.69107142857143,334.91607142857146,-0.15,EOD-
S043,WIPRO,2022-01-11 12:20:00+05:30,0.1309,0.195,0,,0.1366,33.33,1.5,0,0.4783,,0,1,0,1,1,0,1,2022-01-11 12:20:00+05:30,2022-01-11 12:25:00+05:30,2022-01-11 15:00:00+05:30,332.35,330.8857142857143,334.9857142857143,-0.3,EOD-
S044,WIPRO,2022-01-11 12:30:00+05:30,0.1023,0.1573,0,,0.6715,58.33,-0.5152,0,0.6281,1.0,6,0,0,1,0,6,7,2022-01-11 13:00:00+05:30,2022-01-11 13:05:00+05:30,2022-01-11 15:00:00+05:30,332.8,331.2642857142857,335.5642857142858,-0.75,EOD-
S045,WIPRO,2022-01-11 13:10:00+05:30,0.0165,0.0519,0,,2.193,50.0,-0.8214,0,1.2186,0.0,8,1,1,0,0,8,9,2022-01-11 13:50:00+05:30,2022-01-11 13:55:00+05:30,2022-01-11 15:00:00+05:30,332.35,331.07321428571424,334.6482142857144,-0.3,EOD-
S046,WIPRO,2022-01-11 14:00:00+05:30,-0.0271,-0.067,0,,0.3523,75.0,-0.4737,0,0.6025,0.0,3,1,0,1,0,3,4,2022-01-11 14:15:00+05:30,2022-01-11 14:20:00+05:30,2022-01-11 15:00:00+05:30,332.15,330.8017857142857,334.57678571428573,-0.1,EOD-
S047,WIPRO,2022-01-12 09:15:00+05:30,,,0,,0.2235,40.3,6.0588,0,4.9698,,0,0,0,0,1,0,1,2022-01-12 09:15:00+05:30,2022-01-12 09:20:00+05:30,2022-01-12 09:30:00+05:30,333.1,331.1982142857143,336.52321428571435,-1.9018,L
S048,WIPRO,2022-01-12 09:50:00+05:30,-0.0625,,0,,0.9364,46.15,-0.6535,0,0.3556,0.0,9,1,0,1,0,9,10,2022-01-12 10:35:00+05:30,2022-01-12 10:40:00+05:30,2022-01-12 11:55:00+05:30,331.3,328.6035714285714,336.15357142857147,-2.6964,L
S049,WIPRO,2022-01-12 10:45:00+05:30,-0.0423,-0.1147,0,,0.4495,38.46,0.1475,0,0.4142,,0,0,0,1,1,0,1,2022-01-12 10:45:00+05:30,2022-01-12 10:50:00+05:30,2022-01-12 11:50:00+05:30,331.25,329.55357142857144,334.30357142857144,-1.6964,L
S050,WIPRO,2022-01-12 10:55:00+05:30,-0.0657,-0.0619,0,,0.8836,30.0,-0.4805,0,0.3301,1.0,1,1,1,1,0,1,2,2022-01-12 11:00:00+05:30,2022-01-12 11:05:00+05:30,2022-01-12 11:50:00+05:30,331.3,329.66607142857146,334.24107142857144,-1.6339,L
S051,WIPRO,2022-01-12 11:10:00+05:30,-0.0793,-0.0657,1,1.0,0.2608,55.56,0.4035,0,0.386,,0,0,1,1,1,0,1,2022-01-12 11:10:00+05:30,2022-01-12 11:15:00+05:30,2022-01-12 11:50:00+05:30,331.15,329.78392857142853,333.6089285714285,-1.3661,L
S052,WIPRO,2022-01-12 11:20:00+05:30,-0.0582,-0.0906,0,,1.1624,72.22,-1.0,0,1.022,0.0,3,0,1,1,0,3,4,2022-01-12 11:35:00+05:30,2022-01-12 11:40:00+05:30,2022-01-12 11:50:00+05:30,331.15,329.6767857142857,333.8017857142857,-1.4732,L
S053,WIPRO,2022-01-13 11:10:00+05:30,-0.5558,-1.345,0,,1.2661,52.94,-0.9119,0,0.416,0.0,9,1,0,1,0,9,10,2022-01-13 11:55:00+05:30,2022-01-13 12:00:00+05:30,2022-01-13 15:00:00+05:30,311.55,309.30892857142857,315.5839285714286,-0.8,EOD-
S054,WIPRO,2022-01-13 12:15:00+05:30,-0.0233,-0.1293,3,1.0,0.0986,58.82,0.0,0,1.0691,0.0,5,0,0,0,0,5,6,2022-01-13 12:40:00+05:30,2022-01-13 12:45:00+05:30,2022-01-13 14:15:00+05:30,311.6,310.3321428571429,313.88214285714287,-1.2679,L
S055,WIPRO,2022-01-13 12:50:00+05:30,0.0225,0.0313,1,1.0,0.3565,71.43,-0.2727,0,0.5453,1.0,1,1,0,1,0,1,2,2022-01-13 12:55:00+05:30,2022-01-13 13:00:00+05:30,2022-01-13 14:10:00+05:30,311.6,310.6357142857143,313.33571428571435,-0.9643,L
S056,WIPRO,2022-01-13 13:10:00+05:30,0.0104,0.0104,2,2.0,0.3051,60.0,0.5686,0,1.0444,,0,0,0,0,1,0,1,2022-01-13 13:10:00+05:30,2022-01-13 13:15:00+05:30,2022-01-13 14:10:00+05:30,311.9,310.85535714285714,313.7803571428571,-1.0446,L
S057,WIPRO,2022-01-13 13:20:00+05:30,0.0217,0.0024,0,,0.7504,75.0,-1.0,0,1.5055,1.0,1,1,0,0,0,1,2,2022-01-13 13:25:00+05:30,2022-01-13 13:30:00+05:30,2022-01-13 14:10:00+05:30,311.7,310.58392857142854,313.70892857142854,-1.1161,L
S058,WIPRO,2022-01-13 13:45:00+05:30,0.0128,0.0297,3,3.0,0.504,80.0,-0.7778,0,1.068,1.0,3,0,0,0,0,3,4,2022-01-13 14:00:00+05:30,2022-01-13 14:05:00+05:30,2022-01-13 14:10:00+05:30,311.8,310.68392857142857,313.8089285714286,-1.1161,L
S059,WIPRO,2022-01-14 10:20:00+05:30,-0.3411,-0.3469,0,,0.758,33.33,-1.0,0,1.1885,1.0,9,0,0,0,0,9,10,2022-01-14 11:05:00+05:30,2022-01-14 11:10:00+05:30,2022-01-14 15:00:00+05:30,306.75,303.7321428571429,312.1821428571428,-0.65,EOD-
S060,WIPRO,2022-01-14 11:15:00+05:30,-0.0188,-0.1965,0,,0.2904,25.0,0.0714,0,0.8057,,0,0,0,0,1,0,1,2022-01-14 11:15:00+05:30,2022-01-14 11:20:00+05:30,2022-01-14 11:40:00+05:30,306.6,305.39464285714286,308.76964285714286,-1.2054,L
S061,WIPRO,2022-01-14 11:25:00+05:30,-0.0571,-0.0775,0,,1.0472,60.0,-0.7861,0,0.8768,0.0,8,1,0,1,0,8,9,2022-01-14 12:05:00+05:30,2022-01-14 12:10:00+05:30,2022-01-14 15:00:00+05:30,306.35,305.2339285714286,308.3589285714286,-0.25,EOD-
S062,WIPRO,2022-01-14 12:20:00+05:30,-0.0139,-0.0759,2,2.0,0.1436,81.25,0.875,0,0.6579,,0,0,0,1,1,0,1,2022-01-14 12:20:00+05:30,2022-01-14 12:25:00+05:30,2022-01-14 15:00:00+05:30,306.2,304.8071428571429,308.7071428571428,-0.1,EOD-
S063,WIPRO,2022-01-14 12:30:00+05:30,0.0057,-0.0384,0,,0.5463,50.0,-0.375,0,0.6854,,0,1,0,0,1,0,1,2022-01-14 12:30:00+05:30,2022-01-14 12:35:00+05:30,2022-01-14 15:00:00+05:30,306.35,304.88571428571436,308.98571428571427,-0.25,EOD-
S064,WIPRO,2022-01-14 12:45:00+05:30,0.0082,0.0057,2,2.0,0.0933,50.0,6.2727,0,1.6844,,0,0,0,0,1,0,1,2022-01-14 12:45:00+05:30,2022-01-14 12:50:00+05:30,2022-01-14 14:35:00+05:30,306.85,305.3767857142858,309.50178571428563,-1.4732,L
S065,WIPRO,2022-01-14 12:55:00+05:30,0.0041,0.0033,1,1.0,0.0565,61.54,2.0769,0,0.5811,,0,1,0,0,1,0,1,2022-01-14 12:55:00+05:30,2022-01-14 13:00:00+05:30,2022-01-14 15:00:00+05:30,306.25,304.81250000000006,308.8374999999999,-0.15,EOD-
S066,WIPRO,2022-01-14 13:15:00+05:30,0.0196,-0.0065,2,2.0,0.2967,57.14,-0.6875,0,0.7875,1.0,7,0,0,1,0,7,8,2022-01-14 13:50:00+05:30,2022-01-14 13:55:00+05:30,2022-01-14 15:00:00+05:30,306.45,305.1017857142857,308.8767857142857,-0.35,EOD-
S067,WIPRO,2022-01-17 09:50:00+05:30,-0.086,,0,,1.352,7.69,-0.6242,0,0.4408,0.0,9,1,0,1,0,9,10,2022-01-17 10:35:00+05:30,2022-01-17 10:40:00+05:30,2022-01-17 10:50:00+05:30,304.85,302.6357142857143,308.83571428571435,3.9857,W
S068,WIPRO,2022-01-17 12:10:00+05:30,0.4051,0.423,17,15.0,0.5009,66.67,-1.0,0,0.9737,1.0,3,0,0,0,0,3,4,2022-01-17 12:25:00+05:30,2022-01-17 12:30:00+05:30,2022-01-17 13:30:00+05:30,310.2,308.31607142857143,313.5910714285714,-1.8839,L
S069,WIPRO,2022-01-17 12:50:00+05:30,0.0242,0.1478,4,2.0,0.3429,41.67,0.0417,0,0.6517,,0,0,0,0,1,0,1,2022-01-17 12:50:00+05:30,2022-01-17 12:55:00+05:30,2022-01-17 13:30:00+05:30,309.75,308.0,312.9,-1.75,L
S070,WIPRO,2022-01-17 13:00:00+05:30,0.0178,0.0339,0,,0.2876,25.0,-0.4737,0,0.5017,,0,0,0,1,1,0,1,2022-01-17 13:00:00+05:30,2022-01-17 13:05:00+05:30,2022-01-17 13:30:00+05:30,309.7,308.04821428571427,312.67321428571427,-1.6518,L
S071,WIPRO,2022-01-17 13:25:00+05:30,-0.0396,-0.0153,0,,1.8737,53.33,-0.821,0,1.0599,1.0,9,0,1,0,0,9,10,2022-01-17 14:10:00+05:30,2022-01-17 14:15:00+05:30,2022-01-17 14:45:00+05:30,309.4,307.90892857142853,312.08392857142854,-1.4911,L
S072,WIPRO,2022-01-18 10:45:00+05:30,-0.0982,-0.0803,0,,0.9778,25.0,-0.5572,0,0.9228,1.0,9,1,0,0,0,9,10,2022-01-18 11:30:00+05:30,2022-01-18 11:35:00+05:30,2022-01-18 14:30:00+05:30,307.4,305.66785714285714,310.5178571428571,-1.7321,L
S073,WIPRO,2022-01-18 11:40:00+05:30,-0.0024,-0.1196,0,,0.02,28.57,19.0,0,0.4722,,0,0,0,1,1,0,1,2022-01-18 11:40:00+05:30,2022-01-18 11:45:00+05:30,2022-01-18 13:45:00+05:30,307.5,306.56250000000006,309.18749999999994,-0.9375,L
S074,WIPRO,2022-01-18 11:50:00+05:30,0.0333,-0.022,0,,0.5147,0.0,-0.4667,0,0.7382,1.0,1,0,0,0,0,1,2,2022-01-18 11:55:00+05:30,2022-01-18 12:00:00+05:30,2022-01-18 13:45:00+05:30,307.45,306.5392857142857,309.08928571428567,-0.9107,L
S075,WIPRO,2022-01-18 12:05:00+05:30,0.0163,0.0333,0,,0.6247,75.0,-1.0,0,1.0993,1.0,5,0,0,0,0,5,6,2022-01-18 12:30:00+05:30,2022-01-18 12:35:00+05:30,2022-01-18 13:45:00+05:30,307.3,306.4696428571429,308.79464285714283,-0.8304,L
S076,WIPRO,2022-01-18 12:40:00+05:30,-0.0293,-0.0423,0,,1.0458,60.0,-0.8387,0,1.4391,1.0,2,1,0,0,0,2,3,2022-01-18 12:50:00+05:30,2022-01-18 12:55:00+05:30,2022-01-18 13:45:00+05:30,307.3,306.55892857142857,308.63392857142856,-0.7411,L
S077,WIPRO,2022-01-18 13:00:00+05:30,0.0016,-0.0195,0,,0.7,57.14,-0.3333,0,0.6709,0.0,1,1,0,1,0,1,2,2022-01-18 13:05:00+05:30,2022-01-18 13:10:00+05:30,2022-01-18 13:45:00+05:30,307.3,306.49642857142857,308.74642857142857,-0.8036,L
S078,WIPRO,2022-01-18 13:15:00+05:30,-0.0033,0.0016,0,,0.6143,62.5,-0.3023,0,0.6431,0.0,1,0,0,1,0,1,2,2022-01-18 13:20:00+05:30,2022-01-18 13:25:00+05:30,2022-01-18 14:20:00+05:30,307.25,306.375,308.825,-0.875,L
S079,WIPRO,2022-01-18 13:30:00+05:30,-0.013,-0.0033,0,,0.973,12.5,0.0072,0,1.6248,,0,0,0,1,1,0,1,2022-01-18 13:30:00+05:30,2022-01-18 13:35:00+05:30,2022-01-18 14:00:00+05:30,307.3,306.4071428571429,308.90714285714284,-0.8929,L
S080,WIPRO,2022-01-19 09:55:00+05:30,-0.7559,-0.7594,0,,2.6284,58.82,-0.9703,0,0.4434,0.0,9,1,0,0,0,9,10,2022-01-19 10:40:00+05:30,2022-01-19 10:45:00+05:30,2022-01-19 15:00:00+05:30,298.35,295.14464285714286,304.1196428571429,-1.75,EOD-
S081,WIPRO,2022-01-19 11:00:00+05:30,-0.2333,-0.3866,3,1.0,0.589,53.33,0.0145,0,0.5511,,0,0,0,0,1,0,1,2022-01-19 11:00:00+05:30,2022-01-19 11:05:00+05:30,2022-01-19 13:55:00+05:30,297.85,296.38571428571436,300.48571428571427,-1.4643,L
S082,WIPRO,2022-01-19 11:10:00+05:30,-0.0873,-0.3005,0,,0.2885,42.86,-0.0164,0,0.3532,,0,0,0,1,1,0,1,2022-01-19 11:10:00+05:30,2022-01-19 11:15:00+05:30,2022-01-19 13:00:00+05:30,298.0,296.67857142857144,300.3785714285714,-1.3214,L
S083,WIPRO,2022-01-19 11:20:00+05:30,0.0269,-0.1771,0,,0.8514,71.43,-0.8889,0,0.7807,1.0,2,0,0,0,0,2,3,2022-01-19 11:30:00+05:30,2022-01-19 11:35:00+05:30,2022-01-19 12:40:00+05:30,298.15,296.8285714285714,300.52857142857135,-1.3214,L
S084,WIPRO,2022-01-19 11:40:00+05:30,0.0319,0.0403,0,,0.5277,28.57,-0.3878,0,0.469,,0,0,0,1,1,0,1,2022-01-19 11:40:00+05:30,2022-01-19 11:45:00+05:30,2022-01-19 12:40:00+05:30,298.0,296.8392857142857,300.0892857142857,-1.1607,L
S085,WIPRO,2022-01-19 11:50:00+05:30,0.0025,0.0512,0,,0.4059,16.67,0.1594,0,0.526,,0,1,1,0,1,0,1,2022-01-19 11:50:00+05:30,2022-01-19 11:55:00+05:30,2022-01-19 12:40:00+05:30,298.1,297.0375,300.01250000000005,-1.0625,L
S086,WIPRO,2022-01-19 12:00:00+05:30,-0.0126,0.0117,1,1.0,1.3944,76.47,-0.8381,0,0.8027,0.0,1,0,0,0,0,1,2,2022-01-19 12:05:00+05:30,2022-01-19 12:10:00+05:30,2022-01-19 12:40:00+05:30,298.1,296.9928571428572,300.09285714285716,-1.1071,L
S087,WIPRO,2022-01-19 12:15:00+05:30,0.0168,-0.0126,0,,0.0529,72.73,-1.0,0,0.9814,,0,0,0,1,1,0,1,2022-01-19 12:15:00+05:30,2022-01-19 12:20:00+05:30,2022-01-19 12:40:00+05:30,298.4,297.3375,300.3125,-1.0625,L
S088,WIPRO,2022-01-19 12:25:00+05:30,0.0126,0.005,1,1.0,0.0114,62.5,29.0,0,0.7773,,0,0,1,1,1,0,1,2022-01-19 12:25:00+05:30,2022-01-19 12:30:00+05:30,2022-01-19 12:40:00+05:30,298.2,297.1017857142857,300.1767857142857,-1.0982,L
S089,WIPRO,2022-01-20 09:15:00+05:30,,,0,,4.384,49.35,-0.6379,0,1.2529,0.0,6,0,1,0,0,6,7,2022-01-20 09:45:00+05:30,2022-01-20 09:50:00+05:30,2022-01-20 09:55:00+05:30,296.85,295.1178571428572,299.96785714285716,-1.7321,L
S090,WIPRO,2022-01-20 11:20:00+05:30,-0.0746,-0.0992,0,,2.8427,50.0,-0.8496,0,0.5389,0.0,9,0,0,0,0,9,10,2022-01-20 12:05:00+05:30,2022-01-20 12:10:00+05:30,2022-01-20 13:00:00+05:30,294.2,293.0303571428571,296.30535714285713,-1.1696,L
S091,WIPRO,2022-01-20 12:15:00+05:30,-0.0672,-0.0799,0,,0.4111,77.78,-1.0,0,0.6795,,0,1,0,1,1,0,1,2022-01-20 12:15:00+05:30,2022-01-20 12:20:00+05:30,2022-01-20 13:00:00+05:30,294.25,293.12499999999994,296.2750000000001,-1.125,L
S092,WIPRO,2022-01-20 13:40:00+05:30,-0.1167,-0.0996,0,,2.2077,22.22,-0.8049,0,0.7173,0.0,9,0,1,0,0,9,10,2022-01-20 14:25:00+05:30,2022-01-20 14:30:00+05:30,2022-01-20 15:00:00+05:30,293.05,291.88928571428573,295.13928571428573,0.55,EOD+
S093,WIPRO,2022-01-21 11:05:00+05:30,-0.1337,-0.4073,0,,0.9728,58.82,-1.0,0,0.7952,1.0,9,0,0,0,0,9,10,2022-01-21 11:50:00+05:30,2022-01-21 11:55:00+05:30,2022-01-21 14:55:00+05:30,289.7,287.7982142857143,293.12321428571425,-1.9018,L
S094,WIPRO,2022-01-21 12:00:00+05:30,-0.0605,-0.1105,1,1.0,0.1904,61.54,1.3529,0,0.9657,,0,0,1,0,1,0,1,2022-01-21 12:00:00+05:30,2022-01-21 12:05:00+05:30,2022-01-21 14:40:00+05:30,290.0,288.88392857142856,292.0089285714286,-1.1161,L
S095,WIPRO,2022-01-21 12:35:00+05:30,0.057,0.0371,6,4.0,0.0262,0.0,19.0,0,0.8181,,0,1,0,0,1,0,1,2022-01-21 12:35:00+05:30,2022-01-21 12:40:00+05:30,2022-01-21 14:40:00+05:30,289.8,288.84464285714284,291.5196428571429,-0.9554,L
S096,WIPRO,2022-01-21 13:25:00+05:30,0.112,0.0991,9,2.0,0.7646,86.67,-1.0,0,0.8465,0.0,7,0,0,0,0,7,8,2022-01-21 14:00:00+05:30,2022-01-21 14:05:00+05:30,2022-01-21 14:35:00+05:30,290.3,289.13928571428573,292.38928571428573,-1.1607,L
S097,WIPRO,2022-01-24 12:30:00+05:30,-0.1197,-0.0692,0,,1.0635,30.77,-0.6203,0,0.8531,1.0,9,0,0,1,0,9,10,2022-01-24 13:15:00+05:30,2022-01-24 13:20:00+05:30,2022-01-24 13:30:00+05:30,277.3,275.4428571428572,280.64285714285717,-1.8571,L
S098,WIPRO,2022-01-25 09:15:00+05:30,,,0,,6.1325,75.0,-0.9588,0,2.3858,0.0,5,0,0,0,0,5,6,2022-01-25 09:40:00+05:30,2022-01-25 09:45:00+05:30,2022-01-25 10:05:00+05:30,272.4,268.4446428571428,279.51964285714286,-3.9554,L
S099,WIPRO,2022-01-25 09:50:00+05:30,-0.2447,,0,,0.712,73.33,-0.7248,0,0.7334,,0,0,0,1,1,0,1,2022-01-25 09:50:00+05:30,2022-01-25 09:55:00+05:30,2022-01-25 10:10:00+05:30,272.25,266.50892857142856,282.5839285714286,-5.7411,L
S100,WIPRO,2022-01-25 10:30:00+05:30,-0.5811,-0.3971,0,,0.7916,22.73,-1.0,0,0.436,0.0,9,1,1,1,0,9,10,2022-01-25 11:15:00+05:30,2022-01-25 11:20:00+05:30,2022-01-25 15:00:00+05:30,269.45,263.78928571428565,279.6392857142858,0.0,EOD-
S101,WIPRO,2022-01-25 11:45:00+05:30,-0.1641,-0.1696,5,4.0,0.2266,17.86,3.359,0,0.818,,0,0,0,0,1,0,1,2022-01-25 11:45:00+05:30,2022-01-25 11:50:00+05:30,2022-01-25 12:55:00+05:30,268.75,266.5982142857143,272.6232142857143,-2.1518,L
S102,WIPRO,2022-01-25 11:55:00+05:30,-0.0373,-0.2201,1,1.0,0.4572,60.0,-0.1724,0,0.5804,0.0,2,0,0,1,0,2,3,2022-01-25 12:05:00+05:30,2022-01-25 12:10:00+05:30,2022-01-25 12:45:00+05:30,269.05,267.0678571428572,272.61785714285713,-1.9821,L
S103,WIPRO,2022-01-25 12:30:00+05:30,0.1154,0.0894,4,4.0,0.0104,11.11,25.6667,0,0.9335,,0,0,0,0,1,0,1,2022-01-25 12:30:00+05:30,2022-01-25 12:35:00+05:30,2022-01-25 12:45:00+05:30,268.95,267.14642857142854,272.19642857142856,-1.8036,L
S104,WIPRO,2022-01-25 12:40:00+05:30,0.1228,0.1024,0,,1.1678,55.56,-1.0,0,2.2958,1.0,4,1,1,0,0,4,5,2022-01-25 13:00:00+05:30,2022-01-25 13:05:00+05:30,2022-01-25 15:00:00+05:30,268.95,267.14642857142854,272.1964285714286,0.5,EOD+
S105,WIPRO,2022-01-25 13:40:00+05:30,0.1367,0.0577,7,4.0,0.0156,100.0,-1.0,0,0.711,0.0,1,1,0,1,0,1,2,2022-01-25 13:45:00+05:30,2022-01-25 13:50:00+05:30,2022-01-25 15:00:00+05:30,269.45,267.04821428571427,273.7732142857143,0.0,EOD-
S106,WIPRO,2022-01-25 14:15:00+05:30,0.1049,0.0743,5,1.0,0.1035,60.87,3.1176,0,0.8252,,0,1,0,0,1,0,1,2022-01-25 14:15:00+05:30,2022-01-25 14:20:00+05:30,2022-01-25 15:00:00+05:30,269.5,267.44642857142856,273.19642857142856,-0.05,EOD-
S107,WIPRO,2022-01-25 14:30:00+05:30,0.1836,0.1049,2,2.0,0.3351,30.77,0.1881,0,1.2451,,0,0,0,0,1,0,1,2022-01-25 14:30:00+05:30,2022-01-25 14:35:00+05:30,2022-01-25 15:00:00+05:30,269.85,267.96607142857147,273.24107142857144,-0.4,EOD-
S108,WIPRO,2022-01-27 11:50:00+05:30,-0.3178,-0.2223,0,,2.9445,68.75,-0.9564,0,1.7455,0.0,9,0,0,0,0,9,10,2022-01-27 12:35:00+05:30,2022-01-27 12:40:00+05:30,2022-01-27 15:00:00+05:30,259.6,257.65357142857147,263.10357142857146,1.15,EOD+
S109,WIPRO,2022-01-27 12:45:00+05:30,-0.2376,-0.3289,0,,0.8493,66.67,-0.707,0,0.5645,1.0,3,1,0,1,0,3,4,2022-01-27 13:00:00+05:30,2022-01-27 13:05:00+05:30,2022-01-27 15:00:00+05:30,258.8,256.79107142857146,262.41607142857146,1.95,EOD+
S110,WIPRO,2022-01-27 14:05:00+05:30,0.2091,0.1544,11,6.0,0.4283,77.78,-0.1398,0,1.4779,1.0,2,1,0,1,0,2,3,2022-01-27 14:15:00+05:30,2022-01-27 14:20:00+05:30,2022-01-27 15:00:00+05:30,260.1,258.74285714285713,262.5428571428572,0.65,EOD+
S111,WIPRO,2022-01-28 10:30:00+05:30,0.4918,0.463,15,9.0,0.0018,63.16,79.0,0,0.61,,0,0,0,0,1,0,1,2022-01-28 10:30:00+05:30,2022-01-28 10:35:00+05:30,2022-01-28 15:00:00+05:30,265.55,262.01428571428573,271.91428571428577,-0.3,EOD-
S112,WIPRO,2022-01-28 10:40:00+05:30,0.4909,0.48,0,,0.8074,59.09,-0.6552,0,0.5773,1.0,3,1,0,1,0,3,4,2022-01-28 10:55:00+05:30,2022-01-28 11:00:00+05:30,2022-01-28 14:15:00+05:30,267.15,264.0071428571428,272.8071428571429,-3.1429,L
S113,WIPRO,2022-01-28 12:30:00+05:30,0.2814,0.2958,18,11.0,0.2347,50.0,0.0714,0,0.5658,,0,1,1,1,1,0,1,2022-01-28 12:30:00+05:30,2022-01-28 12:35:00+05:30,2022-01-28 13:35:00+05:30,268.4,266.9089285714285,271.08392857142866,-1.4911,L
S114,WIPRO,2022-01-28 12:50:00+05:30,0.1452,0.2533,2,2.0,0.024,66.67,3.0,0,0.7089,,0,1,0,1,1,0,1,2022-01-28 12:50:00+05:30,2022-01-28 12:55:00+05:30,2022-01-28 13:35:00+05:30,268.6,267.2964285714286,270.94642857142867,-1.3036,L
S115,WIPRO,2022-01-31 10:45:00+05:30,0.8032,0.7396,18,8.0,0.2942,29.41,0.8519,0,0.4585,,0,1,0,0,1,0,1,2022-01-31 10:45:00+05:30,2022-01-31 10:50:00+05:30,2022-01-31 15:00:00+05:30,272.2,269.90535714285716,276.3303571428571,1.9,EOD+
S116,WIPRO,2022-01-31 11:00:00+05:30,0.5224,0.8032,1,1.0,0.2167,66.67,0.0811,0,0.3081,,0,1,0,0,1,0,1,2022-01-31 11:00:00+05:30,2022-01-31 11:05:00+05:30,2022-01-31 15:00:00+05:30,272.3,270.16607142857146,276.1410714285714,1.8,EOD+
S117,WIPRO,2022-01-31 11:15:00+05:30,0.1211,0.5224,1,1.0,0.1225,6.67,5.8571,0,1.2172,,0,0,0,0,1,0,1,2022-01-31 11:15:00+05:30,2022-01-31 11:20:00+05:30,2022-01-31 15:00:00+05:30,273.05,271.26428571428573,276.26428571428573,1.05,EOD+
S118,WIPRO,2022-01-31 11:25:00+05:30,0.111,0.2487,0,,0.7036,62.5,-0.7949,0,0.4993,0.0,5,0,0,1,0,5,6,2022-01-31 11:50:00+05:30,2022-01-31 11:55:00+05:30,2022-01-31 15:00:00+05:30,272.6,270.8678571428572,275.71785714285716,1.5,EOD+
S119,WIPRO,2022-01-31 12:00:00+05:30,-0.0514,-0.022,0,,0.6031,50.0,-0.708,0,1.5279,1.0,3,0,0,0,0,3,4,2022-01-31 12:15:00+05:30,2022-01-31 12:20:00+05:30,2022-01-31 12:40:00+05:30,272.9,271.48035714285714,275.4553571428571,-1.4196,L
S120,WIPRO,2022-01-31 12:25:00+05:30,0.0211,-0.034,1,1.0,0.4828,6.67,1.6,0,2.0818,,0,0,0,1,1,0,1,2022-01-31 12:25:00+05:30,2022-01-31 12:30:00+05:30,2022-01-31 12:35:00+05:30,272.95,271.65535714285716,275.2803571428571,-1.2946,L
S121,WIPRO,2022-01-31 12:35:00+05:30,0.0156,-0.0009,0,,1.4562,69.23,-0.8813,0,0.6227,0.0,7,1,0,1,0,7,8,2022-01-31 13:10:00+05:30,2022-01-31 13:15:00+05:30,2022-01-31 15:00:00+05:30,272.3,270.85357142857146,274.9035714285714,1.8,EOD+
S122,WIPRO,2022-01-31 13:30:00+05:30,0.0211,-0.011,2,2.0,0.4879,58.33,-0.4783,0,1.3322,1.0,2,0,0,0,0,2,3,2022-01-31 13:40:00+05:30,2022-01-31 13:45:00+05:30,2022-01-31 15:00:00+05:30,272.3,270.82678571428573,274.95178571428573,1.8,EOD+
S123,WIPRO,2022-01-31 13:50:00+05:30,-0.0193,0.0,0,,0.5779,22.22,-0.5122,0,0.577,0.0,1,0,0,1,0,1,2,2022-01-31 13:55:00+05:30,2022-01-31 14:00:00+05:30,2022-01-31 15:00:00+05:30,272.4,271.0696428571428,274.79464285714283,1.7,EOD+
S124,WIPRO,2022-02-01 09:40:00+05:30,0.1689,,5,5.0,0.047,37.5,3.2105,0,0.3834,,0,0,0,1,1,0,1,2022-02-01 09:40:00+05:30,2022-02-01 09:45:00+05:30,2022-02-01 13:10:00+05:30,274.05,271.52321428571435,278.5982142857143,-2.5268,L
S125,WIPRO,2022-02-01 09:50:00+05:30,0.1286,,0,,0.0,100.0,,1,0.4675,,0,1,0,0,1,0,1,2022-02-01 09:50:00+05:30,2022-02-01 09:55:00+05:30,2022-02-01 13:10:00+05:30,274.2,271.6732142857143,278.74821428571425,-2.5268,L
S126,WIPRO,2022-02-01 10:25:00+05:30,-0.0055,0.0638,0,,0.2448,14.29,-0.6875,0,0.2717,0.0,9,1,0,1,0,9,10,2022-02-01 11:10:00+05:30,2022-02-01 11:15:00+05:30,2022-02-01 12:50:00+05:30,273.9,272.2660714285714,276.84107142857135,2.9411,W
S127,WIPRO,2022-02-01 11:35:00+05:30,0.0183,-0.0429,3,2.0,1.048,21.74,0.3433,0,1.7408,,0,1,0,0,1,0,1,2022-02-01 11:35:00+05:30,2022-02-01 11:40:00+05:30,2022-02-01 12:50:00+05:30,274.05,272.45178571428573,276.9267857142857,2.8768,W
S128,WIPRO,2022-02-01 13:00:00+05:30,0.1616,0.248,15,2.0,1.8258,57.89,-0.5847,0,0.7855,0.0,6,0,0,0,0,6,7,2022-02-01 13:30:00+05:30,2022-02-01 13:35:00+05:30,2022-02-01 15:00:00+05:30,275.8,273.6571428571429,279.65714285714284,0.0,EOD-
S129,WIPRO,2022-02-01 13:55:00+05:30,0.0354,0.01,4,4.0,0.2504,16.67,0.4085,0,0.6636,,0,0,0,0,1,0,1,2022-02-01 13:55:00+05:30,2022-02-01 14:00:00+05:30,2022-02-01 15:00:00+05:30,275.65,272.10535714285714,282.03035714285704,0.15,EOD+
S130,WIPRO,2022-02-01 14:05:00+05:30,0.0027,0.0454,0,,0.0704,53.33,2.1579,0,0.8112,,0,1,0,1,1,0,1,2022-02-01 14:05:00+05:30,2022-02-01 14:10:00+05:30,2022-02-01 15:00:00+05:30,275.9,272.52500000000003,281.9749999999999,-0.1,EOD-
S131,WIPRO,2022-02-02 09:20:00+05:30,,,1,1.0,1.5735,5.26,0.271,0,2.8461,,0,1,0,0,1,0,1,2022-02-02 09:20:00+05:30,2022-02-02 09:25:00+05:30,2022-02-02 09:50:00+05:30,276.5,274.375,280.325,3.825,W
S132,WIPRO,2022-02-02 12:05:00+05:30,0.1551,0.149,32,9.0,0.2789,100.0,-1.0,0,0.9323,1.0,5,1,0,0,0,5,6,2022-02-02 12:30:00+05:30,2022-02-02 12:35:00+05:30,2022-02-02 15:00:00+05:30,280.9,279.75714285714287,282.9571428571428,-0.25,EOD-
S133,WIPRO,2022-02-02 12:50:00+05:30,0.0641,0.0944,3,3.0,0.1875,33.33,1.0,0,0.7706,,0,0,0,1,1,0,1,2022-02-02 12:50:00+05:30,2022-02-02 12:55:00+05:30,2022-02-02 15:00:00+05:30,280.65,279.65,282.44999999999993,0.0,EOD-
S134,WIPRO,2022-02-02 13:00:00+05:30,0.0205,0.0659,0,,0.5096,77.78,-0.5181,0,0.8156,,0,0,0,1,1,0,1,2022-02-02 13:00:00+05:30,2022-02-02 13:05:00+05:30,2022-02-02 15:00:00+05:30,281.0,279.9821428571429,282.83214285714286,-0.35,EOD-
S135,WIPRO,2022-02-02 14:05:00+05:30,0.0827,0.0569,12,8.0,0.6819,64.29,-0.646,0,0.8813,0.0,5,0,0,1,0,5,6,2022-02-02 14:30:00+05:30,2022-02-02 14:35:00+05:30,2022-02-02 15:00:00+05:30,281.2,280.1642857142857,283.0642857142857,-0.55,EOD-
S136,WIPRO,2022-02-03 09:45:00+05:30,-0.1543,,0,,1.9125,45.0,-0.7519,0,0.5652,0.0,9,0,0,1,0,9,10,2022-02-03 10:30:00+05:30,2022-02-03 10:35:00+05:30,2022-02-03 13:40:00+05:30,280.0,277.36607142857144,284.74107142857144,-2.6339,L
S137,WIPRO,2022-02-03 13:25:00+05:30,-0.1605,-0.1612,0,,1.986,11.11,-0.6175,0,0.8494,1.0,9,0,0,1,0,9,10,2022-02-03 14:10:00+05:30,2022-02-03 14:15:00+05:30,2022-02-03 14:55:00+05:30,278.4,277.24821428571425,280.4732142857143,-1.1518,L
S138,WIPRO,2022-02-03 14:20:00+05:30,-0.0575,-0.1087,0,,1.0116,77.78,-1.0,0,2.3299,,0,0,0,0,1,0,1,2022-02-03 14:20:00+05:30,2022-02-03 14:25:00+05:30,2022-02-03 15:00:00+05:30,278.4,277.0160714285714,280.8910714285714,-1.3839,L
S139,WIPRO,2022-02-04 10:00:00+05:30,-0.2748,-0.3033,0,,1.519,42.86,-0.8433,0,0.2706,0.0,9,1,0,1,0,9,10,2022-02-04 10:45:00+05:30,2022-02-04 10:50:00+05:30,2022-02-04 15:00:00+05:30,274.65,271.49821428571425,280.3232142857143,-1.6,EOD-
S140,WIPRO,2022-02-04 11:00:00+05:30,-0.0155,-0.1311,2,1.0,0.1167,60.0,0.8182,0,0.8206,,0,1,0,0,1,0,1,2022-02-04 11:00:00+05:30,2022-02-04 11:05:00+05:30,2022-02-04 14:40:00+05:30,274.75,272.9821428571429,277.9321428571428,-1.7679,L
S141,WIPRO,2022-02-04 11:35:00+05:30,0.0182,0.06,5,2.0,0.0085,75.0,29.0,0,0.9254,,0,0,0,1,1,0,1,2022-02-04 11:35:00+05:30,2022-02-04 11:40:00+05:30,2022-02-04 14:35:00+05:30,274.95,273.48571428571427,277.58571428571423,-1.4643,L
S142,WIPRO,2022-02-04 12:40:00+05:30,-0.0428,-0.0182,0,,1.0099,50.0,-0.7884,0,1.39,1.0,9,0,1,0,0,9,10,2022-02-04 13:25:00+05:30,2022-02-04 13:30:00+05:30,2022-02-04 14:35:00+05:30,274.45,273.28035714285716,276.55535714285713,-1.1696,L
S143,WIPRO,2022-02-04 13:35:00+05:30,-0.0137,-0.1094,1,1.0,0.4313,28.57,0.4493,0,1.2871,,0,1,0,1,1,0,1,2022-02-04 13:35:00+05:30,2022-02-04 13:40:00+05:30,2022-02-04 14:35:00+05:30,274.3,273.3,276.1,-1.0,L
S144,WIPRO,2022-02-04 14:00:00+05:30,0.0264,0.0273,4,3.0,0.1914,30.0,1.6316,0,1.3188,,0,1,0,0,1,0,1,2022-02-04 14:00:00+05:30,2022-02-04 14:05:00+05:30,2022-02-04 14:35:00+05:30,274.6,273.3589285714286,276.8339285714286,-1.2411,L
S145,WIPRO,2022-02-04 14:10:00+05:30,0.02,0.0201,0,,0.137,9.09,4.1852,0,0.9461,,0,0,1,0,1,0,1,2022-02-04 14:10:00+05:30,2022-02-04 14:15:00+05:30,2022-02-04 14:35:00+05:30,274.65,273.41785714285714,276.86785714285713,-1.2321,L
S146,WIPRO,2022-02-07 11:45:00+05:30,-0.1407,-0.1859,0,,2.8194,92.86,-1.0,0,1.1767,1.0,9,1,0,1,0,9,10,2022-02-07 12:30:00+05:30,2022-02-07 12:35:00+05:30,2022-02-07 13:45:00+05:30,269.45,268.1642857142857,271.7642857142857,-1.2857,L
S147,WIPRO,2022-02-07 12:55:00+05:30,-0.0316,-0.1291,3,3.0,0.957,58.82,-0.3519,0,0.9122,0.0,4,0,0,0,0,4,5,2022-02-07 13:15:00+05:30,2022-02-07 13:20:00+05:30,2022-02-07 13:50:00+05:30,269.05,267.63928571428573,271.5892857142857,-1.4107,L
S148,WIPRO,2022-02-08 09:25:00+05:30,,,2,2.0,0.559,48.84,0.4783,0,1.1017,,0,1,1,0,1,0,1,2022-02-08 09:25:00+05:30,2022-02-08 09:30:00+05:30,2022-02-08 10:40:00+05:30,268.35,265.77857142857147,272.97857142857146,-2.5714,L
S149,WIPRO,2022-02-08 10:05:00+05:30,0.1253,0.117,7,6.0,0.1321,0.0,3.7761,0,0.5781,,0,0,0,0,1,0,1,2022-02-08 10:05:00+05:30,2022-02-08 10:10:00+05:30,2022-02-08 15:00:00+05:30,267.9,264.7303571428571,273.60535714285714,0.95,EOD+
S150,WIPRO,2022-02-08 10:30:00+05:30,0.0561,0.1327,0,,1.5804,58.33,-0.8637,0,1.8679,1.0,9,1,0,0,0,9,10,2022-02-08 11:15:00+05:30,2022-02-08 11:20:00+05:30,2022-02-08 15:00:00+05:30,267.0,264.67857142857144,271.1785714285714,1.85,EOD+
S151,WIPRO,2022-02-08 11:25:00+05:30,-0.1968,-0.2173,0,,0.0697,14.29,5.4,0,1.005,,0,0,0,0,1,0,1,2022-02-08 11:25:00+05:30,2022-02-08 11:30:00+05:30,2022-02-08 15:00:00+05:30,267.05,264.8089285714286,271.08392857142854,1.8,EOD+
S152,WIPRO,2022-02-08 13:00:00+05:30,0.2136,0.2959,18,5.0,1.0797,52.38,-0.5604,0,0.6431,0.0,6,0,0,0,0,6,7,2022-02-08 13:30:00+05:30,2022-02-08 13:35:00+05:30,2022-02-08 15:00:00+05:30,268.3,266.71964285714284,271.1446428571429,0.55,EOD+
S153,WIPRO,2022-02-09 10:40:00+05:30,0.3079,0.3565,17,11.0,0.08,20.0,0.0,0,0.1965,,0,1,0,1,1,0,1,2022-02-09 10:40:00+05:30,2022-02-09 10:45:00+05:30,2022-02-09 15:00:00+05:30,271.25,269.6875,274.0625,1.25,EOD+
S154,WIPRO,2022-02-09 10:50:00+05:30,0.3497,0.3173,0,,0.0612,57.14,3.2857,0,0.2903,,0,0,0,1,1,0,1,2022-02-09 10:50:00+05:30,2022-02-09 10:55:00+05:30,2022-02-09 15:00:00+05:30,271.75,270.32142857142856,274.32142857142856,0.75,EOD+
S155,WIPRO,2022-02-09 11:00:00+05:30,0.2503,0.3325,0,,0.819,40.0,-0.3023,0,0.5876,1.0,2,0,0,0,0,2,3,2022-02-09 11:10:00+05:30,2022-02-09 11:15:00+05:30,2022-02-09 15:00:00+05:30,271.8,270.4875,274.1625,0.7,EOD+
S156,WIPRO,2022-02-09 11:20:00+05:30,0.0,0.1702,0,,0.7344,66.67,-0.6875,0,0.4731,,0,0,0,1,1,0,1,2022-02-09 11:20:00+05:30,2022-02-09 11:25:00+05:30,2022-02-09 11:40:00+05:30,271.75,270.6607142857143,273.7107142857143,-1.0893,L
S157,WIPRO,2022-02-09 11:30:00+05:30,-0.0322,0.0083,0,,1.7087,55.56,-0.7419,0,1.2966,0.0,5,1,0,1,0,5,6,2022-02-09 11:55:00+05:30,2022-02-09 12:00:00+05:30,2022-02-09 15:00:00+05:30,271.55,270.41607142857146,273.59107142857147,0.95,EOD+
S158,WIPRO,2022-02-09 12:10:00+05:30,-0.0009,-0.058,2,2.0,0.2484,28.57,2.6364,0,0.7871,,0,0,0,0,1,0,1,2022-02-09 12:10:00+05:30,2022-02-09 12:15:00+05:30,2022-02-09 15:00:00+05:30,271.75,270.64285714285717,273.74285714285713,0.75,EOD+
S159,WIPRO,2022-02-09 12:30:00+05:30,0.0267,0.0193,3,2.0,0.2545,66.67,-0.5455,0,0.7641,1.0,1,0,0,0,0,1,2,2022-02-09 12:35:00+05:30,2022-02-09 12:40:00+05:30,2022-02-09 15:00:00+05:30,271.75,270.6696428571429,273.69464285714287,0.75,EOD+
S160,WIPRO,2022-02-09 12:45:00+05:30,-0.0009,0.0267,0,,0.2756,41.67,0.2,0,1.334,,0,1,0,0,1,0,1,2022-02-09 12:45:00+05:30,2022-02-09 12:50:00+05:30,2022-02-09 15:00:00+05:30,271.65,270.5160714285714,273.69107142857143,0.85,EOD+
S161,WIPRO,2022-02-09 12:55:00+05:30,0.0138,0.0083,1,1.0,0.1039,66.67,2.1579,0,0.6959,,0,0,0,0,1,0,1,2022-02-09 12:55:00+05:30,2022-02-09 13:00:00+05:30,2022-02-09 15:00:00+05:30,271.65,270.5071428571428,273.70714285714286,0.85,EOD+
S162,WIPRO,2022-02-09 13:05:00+05:30,0.0046,0.0046,0,,1.1308,84.62,-0.9048,0,2.99,1.0,9,0,1,0,0,9,10,2022-02-09 13:50:00+05:30,2022-02-09 13:55:00+05:30,2022-02-09 15:00:00+05:30,271.95,270.7892857142857,274.0392857142857,0.55,EOD+
S163,WIPRO,2022-02-10 09:20:00+05:30,,,1,1.0,0.2,33.33,2.6364,0,1.9785,,0,0,0,0,1,0,1,2022-02-10 09:20:00+05:30,2022-02-10 09:25:00+05:30,2022-02-10 09:40:00+05:30,272.4,271.025,274.875,-1.375,L
S164,WIPRO,2022-02-10 09:30:00+05:30,,,0,,0.4019,15.38,0.7204,0,0.7559,,0,0,0,1,1,0,1,2022-02-10 09:30:00+05:30,2022-02-10 09:35:00+05:30,2022-02-10 09:40:00+05:30,272.4,270.9535714285714,275.00357142857143,-1.4464,L
S165,WIPRO,2022-02-10 09:40:00+05:30,0.0138,,0,,2.037,95.24,-1.0,0,0.4609,0.0,6,1,0,1,0,6,7,2022-02-10 10:10:00+05:30,2022-02-10 10:15:00+05:30,2022-02-10 15:00:00+05:30,271.95,270.1642857142857,275.1642857142857,2.1,EOD+
S166,WIPRO,2022-02-10 10:45:00+05:30,0.0698,0.0165,6,3.0,0.2307,70.59,0.0345,0,0.8319,,0,0,0,0,1,0,1,2022-02-10 10:45:00+05:30,2022-02-10 10:50:00+05:30,2022-02-10 15:00:00+05:30,272.05,270.4785714285714,274.8785714285715,2.0,EOD+
S167,WIPRO,2022-02-10 10:55:00+05:30,0.0312,0.0579,0,,0.6393,0.0,-0.2701,0,0.8864,1.0,1,0,0,0,0,1,2,2022-02-10 11:00:00+05:30,2022-02-10 11:05:00+05:30,2022-02-10 15:00:00+05:30,272.3,270.9607142857143,274.7107142857143,1.75,EOD+
S168,WIPRO,2022-02-10 11:10:00+05:30,-0.0303,0.0312,1,1.0,0.0267,60.0,7.0,0,0.4707,,0,1,0,1,1,0,1,2022-02-10 11:10:00+05:30,2022-02-10 11:15:00+05:30,2022-02-10 15:00:00+05:30,272.1,270.9303571428572,274.20535714285717,1.95,EOD+
S169,WIPRO,2022-02-10 11:20:00+05:30,0.0239,-0.0119,0,,0.4924,83.33,-0.759,0,0.6716,1.0,1,1,0,0,0,1,2,2022-02-10 11:25:00+05:30,2022-02-10 11:30:00+05:30,2022-02-10 15:00:00+05:30,272.1,271.0464285714286,273.9964285714286,1.8964,W
S170,WIPRO,2022-02-10 11:35:00+05:30,0.0955,0.0239,0,,0.203,83.33,-0.3103,0,0.5529,,0,1,0,1,1,0,1,2022-02-10 11:35:00+05:30,2022-02-10 11:40:00+05:30,2022-02-10 15:00:00+05:30,272.5,271.60714285714283,274.10714285714283,1.55,EOD+
S171,WIPRO,2022-02-10 12:05:00+05:30,0.0422,0.1074,5,3.0,0.1326,33.33,3.4444,0,0.9698,,0,1,1,1,1,0,1,2022-02-10 12:05:00+05:30,2022-02-10 12:10:00+05:30,2022-02-10 15:00:00+05:30,272.65,271.8017857142857,274.1767857142857,1.4,EOD+
S172,WIPRO,2022-02-10 12:35:00+05:30,0.044,0.0101,5,5.0,0.2079,87.5,-1.0,0,1.7967,1.0,1,0,0,0,0,1,2,2022-02-10 12:40:00+05:30,2022-02-10 12:45:00+05:30,2022-02-10 15:00:00+05:30,272.7,271.79821428571427,274.3232142857143,1.35,EOD+
S173,WIPRO,2022-02-10 12:50:00+05:30,0.0523,0.044,0,,0.3971,0.0,0.3559,0,1.0349,,0,0,0,0,1,0,1,2022-02-10 12:50:00+05:30,2022-02-10 12:55:00+05:30,2022-02-10 15:00:00+05:30,272.7,271.77142857142854,274.37142857142857,1.35,EOD+
S174,WIPRO,2022-02-10 13:10:00+05:30,0.0339,0.0458,0,,1.5355,66.67,-1.0,0,0.8474,1.0,9,1,0,1,0,9,10,2022-02-10 13:55:00+05:30,2022-02-10 14:00:00+05:30,2022-02-10 15:00:00+05:30,272.6,271.76964285714286,274.0946428571429,1.45,EOD+
S175,WIPRO,2022-02-11 10:05:00+05:30,-0.53,-0.5421,0,,2.4765,33.33,-0.9367,0,0.3683,0.0,9,0,1,1,0,9,10,2022-02-11 10:50:00+05:30,2022-02-11 10:55:00+05:30,2022-02-11 15:00:00+05:30,267.75,264.5625,273.4875,0.75,EOD+
S176,WIPRO,2022-02-11 11:00:00+05:30,-0.3888,-0.5907,0,,0.2401,33.33,-0.5745,0,0.6826,1.0,2,1,0,0,0,2,3,2022-02-11 11:10:00+05:30,2022-02-11 11:15:00+05:30,2022-02-11 15:00:00+05:30,267.55,266.32678571428573,269.75178571428575,0.95,EOD+
S177,WIPRO,2022-02-11 11:20:00+05:30,0.0178,-0.2785,0,,0.271,66.67,-0.1667,0,0.5197,1.0,1,0,0,1,0,1,2,2022-02-11 11:25:00+05:30,2022-02-11 11:30:00+05:30,2022-02-11 15:00:00+05:30,267.65,266.5428571428571,269.64285714285717,0.85,EOD+
S178,WIPRO,2022-02-11 11:35:00+05:30,0.0364,0.0178,0,,0.7382,50.0,-0.6552,0,0.8722,1.0,2,1,0,1,0,2,3,2022-02-11 11:45:00+05:30,2022-02-11 11:50:00+05:30,2022-02-11 13:35:00+05:30,267.65,266.6678571428571,269.41785714285714,1.7679,W
S179,WIPRO,2022-02-11 13:20:00+05:30,0.1219,0.1146,17,8.0,0.0243,50.0,14.0,0,0.7584,,0,0,0,1,1,0,1,2022-02-11 13:20:00+05:30,2022-02-11 13:25:00+05:30,2022-02-11 15:00:00+05:30,268.9,267.87321428571425,270.74821428571425,-0.4,EOD-
S180,WIPRO,2022-02-11 13:30:00+05:30,0.1126,0.1164,0,,0.1448,83.33,0.6667,0,1.0441,,0,0,0,1,1,0,1,2022-02-11 13:30:00+05:30,2022-02-11 13:35:00+05:30,2022-02-11 14:05:00+05:30,269.25,268.2142857142857,271.11428571428576,-1.0357,L
S181,WIPRO,2022-02-11 13:45:00+05:30,0.0995,0.1126,2,2.0,0.0687,60.0,6.2727,0,0.8573,,0,0,0,1,1,0,1,2022-02-11 13:45:00+05:30,2022-02-11 13:50:00+05:30,2022-02-11 14:30:00+05:30,269.0,268.0,270.8,-1.0,L
S182,WIPRO,2022-02-11 13:55:00+05:30,0.0772,0.1069,0,,0.6935,66.67,-0.6262,0,0.8593,,0,0,0,0,1,0,1,2022-02-11 13:55:00+05:30,2022-02-11 14:00:00+05:30,2022-02-11 14:30:00+05:30,268.95,267.98571428571427,270.6857142857143,-0.9643,L
S183,WIPRO,2022-02-14 11:10:00+05:30,-0.1391,-0.275,0,,2.7219,28.57,-0.8325,0,0.6138,0.0,9,1,1,0,0,9,10,2022-02-14 11:55:00+05:30,2022-02-14 12:00:00+05:30,2022-02-14 14:20:00+05:30,263.35,261.43035714285713,266.8053571428572,-1.9196,L
S184,WIPRO,2022-02-14 12:05:00+05:30,-0.114,-0.2326,0,,0.1451,72.73,0.7647,0,0.4686,,0,0,0,0,1,0,1,2022-02-14 12:05:00+05:30,2022-02-14 12:10:00+05:30,2022-02-14 14:10:00+05:30,263.2,261.73571428571427,265.8357142857143,-1.4643,L
S185,WIPRO,2022-02-14 12:15:00+05:30,-0.0988,-0.1558,0,,0.2465,55.56,-0.2857,0,0.6894,1.0,1,0,0,0,0,1,2,2022-02-14 12:20:00+05:30,2022-02-14 12:25:00+05:30,2022-02-14 14:10:00+05:30,263.55,262.1303571428571,266.1053571428572,-1.4196,L
S186,WIPRO,2022-02-14 12:30:00+05:30,-0.1322,-0.0988,1,1.0,0.7955,93.33,-0.8857,0,0.7867,1.0,4,1,0,0,0,4,5,2022-02-14 12:50:00+05:30,2022-02-14 12:55:00+05:30,2022-02-14 14:15:00+05:30,262.95,261.575,265.425,-1.375,L
S187,WIPRO,2022-02-14 13:00:00+05:30,0.019,-0.0951,0,,0.3456,12.5,0.7722,0,0.5753,,0,1,0,1,1,0,1,2022-02-14 13:00:00+05:30,2022-02-14 13:05:00+05:30,2022-02-14 14:15:00+05:30,263.0,261.57142857142856,265.5714285714286,-1.4286,L
S188,WIPRO,2022-02-14 13:30:00+05:30,0.0703,0.0894,5,2.0,0.8879,76.92,-0.7884,0,1.0069,1.0,1,0,0,0,0,1,2,2022-02-14 13:35:00+05:30,2022-02-14 13:40:00+05:30,2022-02-14 14:10:00+05:30,263.5,262.16964285714283,265.8946428571429,-1.3304,L
S189,WIPRO,2022-02-14 13:45:00+05:30,-0.0124,0.0703,0,,0.9087,11.11,-0.3301,0,1.1582,1.0,1,0,0,0,0,1,2,2022-02-14 13:50:00+05:30,2022-02-14 13:55:00+05:30,2022-02-14 14:15:00+05:30,263.05,261.6125,265.63750000000005,-1.4375,L
S190,WIPRO,2022-02-15 09:15:00+05:30,,,0,,0.8324,76.77,0.0795,0,3.9122,,0,0,0,0,1,0,1,2022-02-15 09:15:00+05:30,2022-02-15 09:20:00+05:30,2022-02-15 10:00:00+05:30,264.55,261.9071428571429,269.3071428571428,-2.6429,L
S191,WIPRO,2022-02-15 10:05:00+05:30,0.1845,0.1799,9,9.0,0.0331,20.0,12.0,0,0.4941,,0,0,1,0,1,0,1,2022-02-15 10:05:00+05:30,2022-02-15 10:10:00+05:30,2022-02-15 15:00:00+05:30,262.4,258.62321428571425,269.19821428571424,5.75,EOD+
S192,WIPRO,2022-02-15 10:35:00+05:30,0.2583,0.1671,5,5.0,0.5751,66.67,-0.638,0,0.5563,1.0,1,0,1,0,0,1,2,2022-02-15 10:40:00+05:30,2022-02-15 10:45:00+05:30,2022-02-15 14:05:00+05:30,262.95,260.54821428571427,267.2732142857143,4.3232,W
S193,WIPRO,2022-02-15 10:50:00+05:30,0.3623,0.2583,1,1.0,0.2857,11.11,-0.1209,0,0.2619,,0,1,0,0,1,0,1,2022-02-15 10:50:00+05:30,2022-02-15 10:55:00+05:30,2022-02-15 13:55:00+05:30,262.9,260.90892857142853,266.4839285714286,3.5839,W
S194,WIPRO,2022-02-15 12:30:00+05:30,0.1742,0.2188,19,6.0,0.0558,20.0,4.4545,0,0.7978,,0,1,0,0,1,0,1,2022-02-15 12:30:00+05:30,2022-02-15 12:35:00+05:30,2022-02-15 13:55:00+05:30,264.2,262.96785714285716,266.4178571428571,2.2179,W
S195,WIPRO,2022-02-15 13:10:00+05:30,0.1143,0.1616,6,4.0,0.6398,55.56,-0.3162,0,0.7831,0.0,1,0,0,1,0,1,2,2022-02-15 13:15:00+05:30,2022-02-15 13:20:00+05:30,2022-02-15 14:00:00+05:30,264.65,263.50714285714287,266.7071428571428,2.0571,W
S196,WIPRO,2022-02-15 13:25:00+05:30,0.0123,0.1143,0,,0.77,11.11,-0.5804,0,1.1338,1.0,1,1,0,0,0,1,2,2022-02-15 13:30:00+05:30,2022-02-15 13:35:00+05:30,2022-02-15 14:00:00+05:30,264.7,263.5392857142857,266.78928571428565,2.0893,W
S197,WIPRO,2022-02-16 09:20:00+05:30,,,1,1.0,1.5558,83.78,-0.8302,0,1.7336,0.0,1,0,0,0,0,1,2,2022-02-16 09:25:00+05:30,2022-02-16 09:30:00+05:30,2022-02-16 15:00:00+05:30,268.75,266.38392857142856,273.0089285714286,0.95,EOD+
S198,WIPRO,2022-02-16 09:35:00+05:30,,,0,,0.6745,47.83,-0.5584,0,0.9261,,0,0,0,0,1,0,1,2022-02-16 09:35:00+05:30,2022-02-16 09:40:00+05:30,2022-02-16 15:00:00+05:30,268.2,265.2625,273.4875,1.5,EOD+
S199,WIPRO,2022-02-16 09:45:00+05:30,0.1118,,0,,0.6854,8.33,-0.7568,0,0.4693,0.0,9,0,0,1,0,9,10,2022-02-16 10:30:00+05:30,2022-02-16 10:35:00+05:30,2022-02-16 15:00:00+05:30,268.3,265.3,273.70000000000005,1.4,EOD+
S200,WIPRO,2022-02-16 11:15:00+05:30,-0.1,-0.1195,0,,1.2767,85.71,-0.8621,0,0.7597,1.0,9,0,0,1,0,9,10,2022-02-16 12:00:00+05:30,2022-02-16 12:05:00+05:30,2022-02-16 12:45:00+05:30,267.75,266.33035714285717,270.30535714285713,2.5554,W
S201,WIPRO,2022-02-16 14:15:00+05:30,0.1993,0.3067,26,6.0,0.8358,100.0,-1.0,0,0.5532,0.0,2,1,0,0,0,2,3,2022-02-16 14:25:00+05:30,2022-02-16 14:30:00+05:30,2022-02-16 14:40:00+05:30,271.05,269.8535714285714,273.2035714285715,-1.1964,L
S202,WIPRO,2022-02-17 09:30:00+05:30,,,3,3.0,0.2492,24.14,-0.1176,0,0.8529,0.0,2,1,0,0,0,2,3,2022-02-17 09:40:00+05:30,2022-02-17 09:45:00+05:30,2022-02-17 15:00:00+05:30,270.15,266.7392857142857,276.2892857142857,0.0,EOD-
S203,WIPRO,2022-02-17 09:55:00+05:30,-0.0769,-0.087,1,1.0,0.4041,33.33,0.5023,0,0.6724,,0,1,0,0,1,0,1,2022-02-17 09:55:00+05:30,2022-02-17 10:00:00+05:30,2022-02-17 15:00:00+05:30,270.15,266.85535714285714,276.0803571428571,0.0,EOD-
S204,WIPRO,2022-02-17 10:15:00+05:30,0.0398,-0.0454,2,2.0,0.1851,20.0,0.4583,0,0.292,,0,0,0,1,1,0,1,2022-02-17 10:15:00+05:30,2022-02-17 10:20:00+05:30,2022-02-17 15:00:00+05:30,270.15,266.90892857142853,275.9839285714285,0.0,EOD-
S205,WIPRO,2022-02-17 10:25:00+05:30,0.0241,0.0019,0,,1.6137,78.26,-0.9696,0,0.3751,0.0,6,0,0,1,0,6,7,2022-02-17 10:55:00+05:30,2022-02-17 11:00:00+05:30,2022-02-17 15:00:00+05:30,269.95,267.40535714285716,274.5303571428571,0.2,EOD+
S206,WIPRO,2022-02-17 11:05:00+05:30,-0.038,0.0213,1,1.0,0.2985,11.11,0.1905,0,0.6076,,0,0,0,0,1,0,1,2022-02-17 11:05:00+05:30,2022-02-17 11:10:00+05:30,2022-02-17 15:00:00+05:30,269.85,268.09107142857147,273.0160714285714,0.3,EOD+
S207,WIPRO,2022-02-17 11:15:00+05:30,-0.0704,-0.0269,0,,0.4022,22.22,-0.2308,0,0.5094,,0,0,0,1,1,0,1,2022-02-17 11:15:00+05:30,2022-02-17 11:20:00+05:30,2022-02-17 15:00:00+05:30,269.85,268.23392857142863,272.75892857142856,0.3,EOD+
S208,WIPRO,2022-02-17 11:25:00+05:30,-0.0185,-0.0537,0,,0.1262,60.0,-0.3939,0,0.7427,,0,1,0,1,1,0,1,2022-02-17 11:25:00+05:30,2022-02-17 11:30:00+05:30,2022-02-17 15:00:00+05:30,269.95,268.31607142857143,272.89107142857137,0.2,EOD+
S209,WIPRO,2022-02-17 12:50:00+05:30,0.1468,0.1626,16,3.0,0.0057,8.33,139.0,0,1.1404,,0,1,0,0,1,0,1,2022-02-17 12:50:00+05:30,2022-02-17 12:55:00+05:30,2022-02-17 14:50:00+05:30,271.2,270.1017857142857,273.1767857142857,-1.0982,L
S210,WIPRO,2022-02-17 13:25:00+05:30,0.1345,0.1438,6,5.0,0.308,40.0,0.4545,0,1.1943,,0,1,0,0,1,0,1,2022-02-17 13:25:00+05:30,2022-02-17 13:30:00+05:30,2022-02-17 14:05:00+05:30,271.55,270.43392857142857,273.55892857142857,-1.1161,L
S211,WIPRO,2022-02-18 09:35:00+05:30,,,0,,3.8769,55.56,-0.883,0,0.5949,0.0,9,1,0,0,0,9,10,2022-02-18 10:20:00+05:30,2022-02-18 10:25:00+05:30,2022-02-18 15:00:00+05:30,268.1,265.89464285714286,272.06964285714287,0.55,EOD+
S212,WIPRO,2022-02-18 11:25:00+05:30,0.2032,0.1465,11,3.0,0.0671,45.45,7.5714,0,0.5281,,0,0,0,0,1,0,1,2022-02-18 11:25:00+05:30,2022-02-18 11:30:00+05:30,2022-02-18 15:00:00+05:30,268.5,267.19642857142856,270.84642857142865,0.15,EOD+
S213,WIPRO,2022-02-18 11:35:00+05:30,0.1537,0.2321,0,,0.2076,57.14,-0.5349,0,0.328,,0,0,0,1,1,0,1,2022-02-18 11:35:00+05:30,2022-02-18 11:40:00+05:30,2022-02-18 15:00:00+05:30,268.5,267.2053571428571,270.8303571428572,0.15,EOD+
S214,WIPRO,2022-02-18 11:45:00+05:30,0.0885,0.1715,0,,0.5723,57.14,-0.4643,0,0.4661,,0,1,0,1,1,0,1,2022-02-18 11:45:00+05:30,2022-02-18 11:50:00+05:30,2022-02-18 15:00:00+05:30,268.5,267.27678571428567,270.70178571428573,0.15,EOD+
S215,WIPRO,2022-02-18 12:05:00+05:30,0.0866,0.0875,2,2.0,0.3212,8.33,2.2836,0,1.2003,,0,0,1,0,1,0,1,2022-02-18 12:05:00+05:30,2022-02-18 12:10:00+05:30,2022-02-18 14:15:00+05:30,269.05,267.74642857142857,271.3964285714286,-1.3036,L
S216,WIPRO,2022-02-18 13:00:00+05:30,0.0622,0.1282,10,5.0,0.1587,100.0,-1.0,0,0.9462,1.0,2,0,0,0,0,2,3,2022-02-18 13:10:00+05:30,2022-02-18 13:15:00+05:30,2022-02-18 14:15:00+05:30,269.5,268.1607142857143,271.9107142857143,-1.3393,L
S217,WIPRO,2022-02-21 09:15:00+05:30,,,0,,4.4285,50.0,-0.9345,0,1.4474,0.0,8,0,1,0,0,8,9,2022-02-21 09:55:00+05:30,2022-02-21 10:00:00+05:30,2022-02-21 12:30:00+05:30,268.2,266.4767857142857,271.3017857142857,3.1018,W
S218,WIPRO,2022-02-21 10:05:00+05:30,-0.0579,-0.0923,0,,0.6397,42.86,-0.6226,0,0.3627,0.0,6,1,0,1,0,6,7,2022-02-21 10:35:00+05:30,2022-02-21 10:40:00+05:30,2022-02-21 12:55:00+05:30,267.55,264.9607142857143,272.2107142857143,4.6607,W
S219,WIPRO,2022-02-21 13:40:00+05:30,0.228,0.2826,36,6.0,0.0749,53.85,9.0,0,2.0527,,0,0,0,0,1,0,1,2022-02-21 13:40:00+05:30,2022-02-21 13:45:00+05:30,2022-02-21 14:35:00+05:30,273.1,271.43035714285713,276.1053571428572,-1.6696,L
S220,WIPRO,2022-02-22 09:15:00+05:30,,,0,,5.9119,56.99,-0.9922,0,1.2767,0.0,9,0,0,0,0,9,10,2022-02-22 10:00:00+05:30,2022-02-22 10:05:00+05:30,2022-02-22 11:50:00+05:30,271.45,268.7446428571428,276.31964285714287,-2.7054,L
S221,WIPRO,2022-02-22 10:10:00+05:30,-0.107,-0.2287,0,,0.4676,18.18,-0.2683,0,0.3699,0.0,2,1,1,1,0,2,3,2022-02-22 10:20:00+05:30,2022-02-22 10:25:00+05:30,2022-02-22 15:00:00+05:30,271.15,266.7660714285714,279.0410714285714,-1.0,EOD-
S222,WIPRO,2022-02-22 11:10:00+05:30,0.0923,-0.0721,9,9.0,0.6645,93.33,-0.893,0,0.8708,1.0,1,0,0,0,0,1,2,2022-02-22 11:15:00+05:30,2022-02-22 11:20:00+05:30,2022-02-22 11:45:00+05:30,271.35,269.59107142857147,274.5160714285715,-1.7589,L
S223,WIPRO,2022-02-22 13:10:00+05:30,-0.279,-0.2628,0,,2.8403,68.75,-0.9742,0,0.7218,1.0,9,1,0,1,0,9,10,2022-02-22 13:55:00+05:30,2022-02-22 14:00:00+05:30,2022-02-22 15:00:00+05:30,267.95,266.2446428571429,271.01964285714286,2.2,EOD+
S224,WIPRO,2022-02-23 09:50:00+05:30,0.0916,,7,7.0,0.0418,28.57,4.2632,0,0.3921,,0,1,1,1,1,0,1,2022-02-23 09:50:00+05:30,2022-02-23 09:55:00+05:30,2022-02-23 15:00:00+05:30,270.45,267.6107142857143,275.56071428571425,1.45,EOD+
S225,WIPRO,2022-02-23 10:15:00+05:30,0.0278,0.0204,0,,0.4136,40.0,-0.5266,0,0.6842,1.0,9,0,0,0,0,9,10,2022-02-23 11:00:00+05:30,2022-02-23 11:05:00+05:30,2022-02-23 15:00:00+05:30,270.4,267.8464285714286,274.9964285714285,1.5,EOD+
S226,WIPRO,2022-02-23 12:15:00+05:30,0.0915,0.1008,14,5.0,0.5611,63.64,-0.2381,0,1.1158,1.0,7,0,0,0,0,7,8,2022-02-23 12:50:00+05:30,2022-02-23 12:55:00+05:30,2022-02-23 15:00:00+05:30,271.0,269.8303571428571,273.1053571428572,0.9,EOD+
S227,WIPRO,2022-02-23 13:00:00+05:30,0.0018,0.0388,1,1.0,0.6062,12.5,-0.1753,0,0.7212,1.0,1,1,0,1,0,1,2,2022-02-23 13:05:00+05:30,2022-02-23 13:10:00+05:30,2022-02-23 15:00:00+05:30,271.05,270.05,272.85,0.85,EOD+
S228,WIPRO,2022-02-23 13:30:00+05:30,0.0286,0.0231,4,3.0,0.0784,33.33,9.7692,0,2.2037,,0,0,0,0,1,0,1,2022-02-23 13:30:00+05:30,2022-02-23 13:35:00+05:30,2022-02-23 15:00:00+05:30,271.15,270.11428571428576,273.0142857142856,0.75,EOD+
S229,WIPRO,2022-02-23 13:55:00+05:30,0.0102,0.0083,4,4.0,0.0272,50.0,14.0,0,1.704,,0,1,0,0,1,0,1,2022-02-23 13:55:00+05:30,2022-02-23 14:00:00+05:30,2022-02-23 15:00:00+05:30,271.0,270.08035714285717,272.6553571428571,0.9,EOD+
S230,WIPRO,2022-02-23 14:20:00+05:30,0.1042,0.0424,3,1.0,0.5956,68.42,0.2371,0,0.9091,,0,1,1,0,1,0,1,2022-02-23 14:20:00+05:30,2022-02-23 14:25:00+05:30,2022-02-23 15:00:00+05:30,271.35,270.3321428571429,273.1821428571428,0.55,EOD+
S231,WIPRO,2022-02-23 14:30:00+05:30,0.0949,0.0931,0,,0.8108,20.0,0.1511,0,1.1982,,0,1,0,0,1,0,1,2022-02-23 14:30:00+05:30,2022-02-23 14:35:00+05:30,2022-02-23 15:00:00+05:30,271.15,270.0785714285714,273.07857142857137,0.75,EOD+
S232,WIPRO,2022-02-24 10:15:00+05:30,-0.9645,-1.0049,0,,2.1469,77.78,-0.9454,0,1.136,1.0,9,0,0,0,0,9,10,2022-02-24 11:00:00+05:30,2022-02-24 11:05:00+05:30,2022-02-24 14:05:00+05:30,262.0,257.7321428571429,269.6821428571428,-4.2679,L
S233,WIPRO,2022-02-24 11:10:00+05:30,-0.3104,-0.7175,0,,0.3742,10.0,-0.4828,0,1.0934,1.0,1,1,0,1,0,1,2,2022-02-24 11:15:00+05:30,2022-02-24 11:20:00+05:30,2022-02-24 11:55:00+05:30,262.7,260.7625,266.1875,-1.9375,L
S234,WIPRO,2022-02-24 11:45:00+05:30,0.1991,0.1402,5,5.0,0.3182,60.0,0.0,0,0.9438,1.0,1,0,0,1,0,1,2,2022-02-24 11:50:00+05:30,2022-02-24 11:55:00+05:30,2022-02-24 12:00:00+05:30,262.65,260.68571428571425,266.1857142857143,-1.9643,L
S235,WIPRO,2022-02-24 13:05:00+05:30,-0.3229,-0.1817,0,,2.8785,41.67,-0.8102,0,1.2292,1.0,9,0,0,0,0,9,10,2022-02-24 13:50:00+05:30,2022-02-24 13:55:00+05:30,2022-02-24 14:05:00+05:30,259.7,257.8696428571428,262.9946428571428,-1.8304,L
S236,WIPRO,2022-02-25 13:05:00+05:30,-0.1206,-0.1111,0,,1.1744,0.0,-0.8013,0,0.8304,1.0,9,0,0,0,0,9,10,2022-02-25 13:50:00+05:30,2022-02-25 13:55:00+05:30,2022-02-25 15:00:00+05:30,264.8,263.1928571428572,267.6928571428572,0.25,EOD+
S237,WIPRO,2022-02-25 14:00:00+05:30,-0.0482,-0.1142,0,,0.1658,75.0,-0.4444,0,0.7667,,0,0,0,1,1,0,1,2022-02-25 14:00:00+05:30,2022-02-25 14:05:00+05:30,2022-02-25 15:00:00+05:30,265.15,263.79285714285714,267.5928571428571,-0.1,EOD-
S238,WIPRO,2022-02-25 14:10:00+05:30,-0.0236,-0.0585,0,,0.2906,20.0,0.8182,0,0.8073,,0,0,1,1,1,0,1,2022-02-25 14:10:00+05:30,2022-02-25 14:15:00+05:30,2022-02-25 15:00:00+05:30,265.0,263.58035714285717,267.55535714285713,0.05,EOD+
S239,WIPRO,2022-02-28 09:30:00+05:30,,,0,,4.1857,68.75,-0.8973,0,0.8922,0.0,9,0,0,0,0,9,10,2022-02-28 10:15:00+05:30,2022-02-28 10:20:00+05:30,2022-02-28 15:00:00+05:30,263.7,261.08392857142854,268.40892857142853,2.35,EOD+
S240,WIPRO,2022-02-28 12:10:00+05:30,0.267,0.3474,22,1.0,0.0116,80.0,12.3333,0,0.8626,,0,0,0,1,1,0,1,2022-02-28 12:10:00+05:30,2022-02-28 12:15:00+05:30,2022-02-28 15:00:00+05:30,266.05,264.4339285714286,268.95892857142854,0.0,EOD-
S241,WIPRO,2022-02-28 12:20:00+05:30,0.2057,0.3159,0,,0.563,78.57,-0.7297,0,0.5723,,0,0,1,1,1,0,1,2022-02-28 12:20:00+05:30,2022-02-28 12:25:00+05:30,2022-02-28 15:00:00+05:30,266.45,264.8071428571429,269.4071428571428,-0.4,EOD-
S242,WIPRO,2022-02-28 12:50:00+05:30,0.077,0.1202,5,4.0,0.116,11.11,2.5714,0,0.8883,,0,1,1,1,1,0,1,2022-02-28 12:50:00+05:30,2022-02-28 12:55:00+05:30,2022-02-28 14:05:00+05:30,266.6,265.09107142857147,269.3160714285714,-1.5089,L
S243,WIPRO,2022-02-28 13:20:00+05:30,0.1059,0.0985,5,2.0,0.4711,54.55,-0.2523,0,0.5487,0.0,1,0,0,1,0,1,2,2022-02-28 13:25:00+05:30,2022-02-28 13:30:00+05:30,2022-02-28 14:00:00+05:30,267.0,265.58035714285717,269.5553571428571,-1.4196,L
S244,WIPRO,2022-03-02 09:15:00+05:30,,,0,,3.4814,14.81,-0.3594,0,0.6592,0.0,1,1,1,0,0,1,2,2022-03-02 09:20:00+05:30,2022-03-02 09:25:00+05:30,2022-03-02 09:45:00+05:30,266.5,264.4821428571429,270.1321428571428,-2.0179,L
S245,WIPRO,2022-03-02 10:15:00+05:30,-0.198,-0.1856,0,,0.6785,43.75,-0.746,0,1.2216,1.0,9,1,1,1,0,9,10,2022-03-02 11:00:00+05:30,2022-03-02 11:05:00+05:30,2022-03-02 15:00:00+05:30,265.2,262.2982142857143,270.4232142857142,-0.45,EOD-
S246,WIPRO,2022-03-02 12:10:00+05:30,0.1046,0.1397,13,4.0,0.038,50.0,7.8889,0,0.5295,,0,0,0,1,1,0,1,2022-03-02 12:10:00+05:30,2022-03-02 12:15:00+05:30,2022-03-02 15:00:00+05:30,265.3,263.8178571428572,267.96785714285716,-0.55,EOD-
S247,WIPRO,2022-03-02 12:20:00+05:30,0.1413,0.1226,0,,0.4436,20.0,0.1009,0,0.7694,,0,0,0,0,1,0,1,2022-03-02 12:20:00+05:30,2022-03-02 12:25:00+05:30,2022-03-02 15:00:00+05:30,265.4,263.8642857142857,268.16428571428565,-0.65,EOD-
S248,WIPRO,2022-03-02 12:30:00+05:30,0.1187,0.1216,0,,0.5954,25.0,-0.4595,0,0.8659,1.0,5,1,0,1,0,5,6,2022-03-02 12:55:00+05:30,2022-03-02 13:00:00+05:30,2022-03-02 14:35:00+05:30,265.85,264.2964285714286,268.6464285714286,-1.5536,L
S249,WIPRO,2022-03-02 13:10:00+05:30,0.0207,0.0264,1,1.0,0.1761,22.22,1.5641,0,0.7396,,0,1,1,1,1,0,1,2022-03-02 13:10:00+05:30,2022-03-02 13:15:00+05:30,2022-03-02 14:35:00+05:30,265.7,264.31607142857143,268.19107142857143,-1.3839,L
S250,WIPRO,2022-03-02 13:50:00+05:30,0.0405,0.0527,7,7.0,0.0487,46.15,6.2727,0,0.508,,0,0,0,1,1,0,1,2022-03-02 13:50:00+05:30,2022-03-02 13:55:00+05:30,2022-03-02 14:35:00+05:30,265.75,264.33928571428567,268.28928571428577,-1.4107,L
S251,WIPRO,2022-03-03 12:25:00+05:30,0.1698,0.2511,38,3.0,0.1391,33.33,0.2903,0,1.6644,,0,0,1,1,1,0,1,2022-03-03 12:25:00+05:30,2022-03-03 12:30:00+05:30,2022-03-03 13:20:00+05:30,274.05,272.6571428571429,276.5571428571429,-1.3929,L
S252,WIPRO,2022-03-03 12:35:00+05:30,0.0858,0.2081,0,,1.4301,72.22,-0.6997,0,1.1573,,0,0,0,0,1,0,1,2022-03-03 12:35:00+05:30,2022-03-03 12:40:00+05:30,2022-03-03 13:20:00+05:30,273.9,272.4446428571428,276.51964285714286,-1.4554,L
S253,WIPRO,2022-03-03 12:45:00+05:30,0.0775,0.1278,0,,0.4462,57.14,-0.6078,0,1.1042,,0,0,1,0,1,0,1,2022-03-03 12:45:00+05:30,2022-03-03 12:50:00+05:30,2022-03-03 13:20:00+05:30,274.4,272.97142857142853,276.97142857142853,-1.4286,L
S254,WIPRO,2022-03-04 10:00:00+05:30,-0.5418,-0.6251,0,,1.703,75.0,-0.9591,0,0.7785,0.0,9,1,0,1,0,9,10,2022-03-04 10:45:00+05:30,2022-03-04 10:50:00+05:30,2022-03-04 13:25:00+05:30,268.95,265.36071428571427,275.4107142857143,6.4607,W
S255,WIPRO,2022-03-04 12:40:00+05:30,0.4176,0.5344,23,6.0,0.177,40.0,0.5152,0,0.6386,,0,0,0,0,1,0,1,2022-03-04 12:40:00+05:30,2022-03-04 12:45:00+05:30,2022-03-04 13:30:00+05:30,272.4,270.06964285714287,276.59464285714284,4.1946,W
S256,WIPRO,2022-03-04 12:50:00+05:30,0.3291,0.4684,0,,0.7487,37.5,-0.5122,0,1.0389,1.0,1,1,0,0,0,1,2,2022-03-04 12:55:00+05:30,2022-03-04 13:00:00+05:30,2022-03-04 13:50:00+05:30,273.1,271.0464285714286,276.7964285714286,3.6964,W
S257,WIPRO,2022-03-04 13:05:00+05:30,0.1997,0.3291,1,1.0,0.189,82.61,0.25,0,0.7506,,0,1,0,1,1,0,1,2022-03-04 13:05:00+05:30,2022-03-04 13:10:00+05:30,2022-03-04 13:50:00+05:30,273.0,270.88392857142856,276.80892857142857,3.8089,W
S258,WIPRO,2022-03-04 13:15:00+05:30,0.1318,0.2665,0,,0.0304,81.82,1.0,0,0.6353,,0,1,0,1,1,0,1,2022-03-04 13:15:00+05:30,2022-03-04 13:20:00+05:30,2022-03-04 15:00:00+05:30,273.55,271.49642857142857,277.24642857142857,1.0,EOD+
S259,WIPRO,2022-03-07 09:15:00+05:30,,,0,,5.9389,18.18,-1.0,0,1.9494,1.0,7,1,0,0,0,7,8,2022-03-07 09:55:00+05:30,2022-03-07 10:00:00+05:30,2022-03-07 15:00:00+05:30,275.0,272.45535714285717,279.58035714285717,-0.2,EOD-
S260,WIPRO,2022-03-07 10:15:00+05:30,-0.0668,-0.311,3,2.0,0.1506,74.42,0.6667,0,1.5462,,0,1,0,0,1,0,1,2022-03-07 10:15:00+05:30,2022-03-07 10:20:00+05:30,2022-03-07 15:00:00+05:30,273.4,268.9178571428571,281.46785714285716,1.4,EOD+
S261,WIPRO,2022-03-07 10:30:00+05:30,-0.0925,-0.0668,2,2.0,0.1741,11.76,1.5743,0,0.7251,,0,0,1,0,1,0,1,2022-03-07 10:30:00+05:30,2022-03-07 10:35:00+05:30,2022-03-07 15:00:00+05:30,273.5,269.875,280.025,1.3,EOD+
S262,WIPRO,2022-03-07 12:00:00+05:30,0.0646,0.1638,17,4.0,0.1149,57.14,1.4242,0,0.5881,,0,0,0,1,1,0,1,2022-03-07 12:00:00+05:30,2022-03-07 12:05:00+05:30,2022-03-07 15:00:00+05:30,275.0,273.20535714285717,278.2303571428571,-1.7946,L
S263,WIPRO,2022-03-07 12:10:00+05:30,0.1145,0.06,0,,0.6026,25.0,-0.521,0,0.6901,0.0,1,0,0,0,0,1,2,2022-03-07 12:15:00+05:30,2022-03-07 12:20:00+05:30,2022-03-07 14:15:00+05:30,275.5,273.76785714285717,278.61785714285713,-1.7321,L
S264,WIPRO,2022-03-07 12:25:00+05:30,0.148,0.1145,0,,0.5629,30.77,-0.2308,0,0.3854,0.0,1,0,0,0,0,1,2,2022-03-07 12:30:00+05:30,2022-03-07 12:35:00+05:30,2022-03-07 14:15:00+05:30,275.4,273.66785714285714,278.5178571428571,-1.7321,L
S265,WIPRO,2022-03-07 12:40:00+05:30,0.0844,0.148,0,,0.0945,0.0,-0.0909,0,0.8628,1.0,1,1,1,1,0,1,2,2022-03-07 12:45:00+05:30,2022-03-07 12:50:00+05:30,2022-03-07 14:05:00+05:30,275.85,274.3946428571429,278.46964285714284,-1.4554,L
S266,WIPRO,2022-03-07 12:55:00+05:30,0.0399,0.0844,1,1.0,0.2288,66.67,0.2,0,0.7001,,0,1,0,1,1,0,1,2022-03-07 12:55:00+05:30,2022-03-07 13:00:00+05:30,2022-03-07 14:10:00+05:30,275.45,274.0839285714286,277.90892857142853,-1.3661,L
S267,WIPRO,2022-03-07 13:10:00+05:30,0.0191,0.0399,1,1.0,0.1952,63.64,-0.5122,0,1.6825,1.0,3,0,0,0,0,3,4,2022-03-07 13:25:00+05:30,2022-03-07 13:30:00+05:30,2022-03-07 14:10:00+05:30,275.4,274.0875,277.76249999999993,-1.3125,L
S268,WIPRO,2022-03-07 13:40:00+05:30,-0.0191,-0.0145,0,,0.9048,25.0,-0.5789,0,1.0914,1.0,9,0,0,1,0,9,10,2022-03-07 14:25:00+05:30,2022-03-07 14:30:00+05:30,2022-03-07 15:00:00+05:30,275.5,274.1875,277.8625,-1.3125,L
S269,WIPRO,2022-03-08 09:15:00+05:30,,,0,,0.8888,46.3,-1.0,0,2.3319,,0,1,0,0,1,0,1,2022-03-08 09:15:00+05:30,2022-03-08 09:20:00+05:30,2022-03-08 14:10:00+05:30,274.65,272.1678571428571,279.11785714285713,4.4679,W
S270,WIPRO,2022-03-08 09:25:00+05:30,,,0,,0.2182,47.62,0.5385,0,1.0151,,0,0,0,0,1,0,1,2022-03-08 09:25:00+05:30,2022-03-08 09:30:00+05:30,2022-03-08 14:10:00+05:30,274.3,271.6928571428571,278.9928571428572,4.6929,W
S271,WIPRO,2022-03-08 09:35:00+05:30,,,0,,0.7111,17.39,-0.373,0,0.5891,0.0,1,0,0,1,0,1,2,2022-03-08 09:40:00+05:30,2022-03-08 09:45:00+05:30,2022-03-08 14:40:00+05:30,274.7,271.89642857142854,279.74642857142857,5.0464,W
S272,WIPRO,2022-03-08 09:50:00+05:30,-0.0182,,0,,0.2259,11.76,0.2613,0,0.553,,0,0,1,0,1,0,1,2022-03-08 09:50:00+05:30,2022-03-08 09:55:00+05:30,2022-03-08 15:00:00+05:30,274.5,271.4285714285714,280.02857142857147,4.7,EOD+
S273,WIPRO,2022-03-08 10:00:00+05:30,-0.0255,-0.0036,0,,0.4616,38.1,0.0427,0,0.5895,,0,1,0,1,1,0,1,2022-03-08 10:00:00+05:30,2022-03-08 10:05:00+05:30,2022-03-08 14:40:00+05:30,274.55,271.6928571428571,279.6928571428572,5.1429,W
S274,WIPRO,2022-03-08 10:20:00+05:30,-0.0119,-0.0438,3,2.0,0.1035,42.11,2.913,0,0.526,,0,0,0,0,1,0,1,2022-03-08 10:20:00+05:30,2022-03-08 10:25:00+05:30,2022-03-08 15:00:00+05:30,274.9,272.12321428571425,279.8982142857143,4.3,EOD+
S275,WIPRO,2022-03-08 10:30:00+05:30,0.031,-0.0237,1,1.0,0.5563,45.0,-0.4258,0,0.5872,1.0,7,1,0,1,0,7,8,2022-03-08 11:05:00+05:30,2022-03-08 11:10:00+05:30,2022-03-08 14:05:00+05:30,274.5,272.1517857142857,278.7267857142857,4.2268,W
S276,WIPRO,2022-03-08 11:15:00+05:30,-0.0109,0.0255,0,,0.5267,81.82,-0.7368,0,1.3307,1.0,2,0,0,0,0,2,3,2022-03-08 11:25:00+05:30,2022-03-08 11:30:00+05:30,2022-03-08 12:50:00+05:30,274.5,272.69642857142856,277.74642857142857,3.2464,W
S277,WIPRO,2022-03-08 11:35:00+05:30,0.0082,-0.0146,0,,0.0799,66.67,0.9048,0,2.0102,,0,1,1,1,1,0,1,2022-03-08 11:35:00+05:30,2022-03-08 11:40:00+05:30,2022-03-08 12:55:00+05:30,275.3,273.65714285714284,278.2571428571429,2.9571,W
S278,WIPRO,2022-03-08 12:40:00+05:30,0.2133,0.179,12,3.0,0.4897,52.94,0.9632,0,1.6914,,0,1,0,1,1,0,1,2022-03-08 12:40:00+05:30,2022-03-08 12:45:00+05:30,2022-03-08 15:00:00+05:30,276.7,274.6196428571429,280.4446428571428,2.5,EOD+
S279,WIPRO,2022-03-08 13:45:00+05:30,0.1876,0.2285,12,10.0,0.1717,20.0,1.3077,0,1.1722,,0,1,0,0,1,0,1,2022-03-08 13:45:00+05:30,2022-03-08 13:50:00+05:30,2022-03-08 15:00:00+05:30,277.4,275.50714285714287,280.80714285714276,1.8,EOD+
S280,WIPRO,2022-03-09 11:10:00+05:30,0.1397,0.1805,23,11.0,0.0977,12.5,0.6667,0,0.6934,,0,0,0,1,1,0,1,2022-03-09 11:10:00+05:30,2022-03-09 11:15:00+05:30,2022-03-09 15:00:00+05:30,282.8,281.26428571428573,285.5642857142857,-1.5357,L
S281,WIPRO,2022-03-09 11:20:00+05:30,0.0451,0.1371,0,,1.6692,10.0,-0.6526,0,0.8146,0.0,6,1,0,1,0,6,7,2022-03-09 11:50:00+05:30,2022-03-09 11:55:00+05:30,2022-03-09 15:00:00+05:30,283.25,281.74107142857144,285.9660714285714,-1.5089,L
S282,WIPRO,2022-03-09 13:20:00+05:30,0.1891,0.2061,17,6.0,0.2319,75.0,-0.6296,0,1.4184,1.0,3,0,0,0,0,3,4,2022-03-09 13:35:00+05:30,2022-03-09 13:40:00+05:30,2022-03-09 14:30:00+05:30,284.35,282.8946428571429,286.96964285714284,-1.4554,L
S283,WIPRO,2022-03-09 13:45:00+05:30,0.0835,0.1328,0,,0.9599,25.0,-0.476,0,0.7383,0.0,2,0,0,1,0,2,3,2022-03-09 13:55:00+05:30,2022-03-09 14:00:00+05:30,2022-03-09 14:25:00+05:30,284.55,283.0589285714286,287.2339285714285,-1.4911,L
S284,WIPRO,2022-03-10 09:15:00+05:30,,,0,,0.4204,50.77,0.7167,0,2.8652,,0,0,0,1,1,0,1,2022-03-10 09:15:00+05:30,2022-03-10 09:20:00+05:30,2022-03-10 15:00:00+05:30,282.55,279.0857142857143,288.7857142857143,-1.35,EOD-
S285,WIPRO,2022-03-10 09:25:00+05:30,,,0,,0.1602,0.0,-0.3478,0,0.4779,0.0,1,1,0,0,0,1,2,2022-03-10 09:30:00+05:30,2022-03-10 09:35:00+05:30,2022-03-10 15:00:00+05:30,281.9,278.31071428571425,288.3607142857142,-0.7,EOD-
S286,WIPRO,2022-03-10 10:15:00+05:30,-0.0257,-0.0541,7,2.0,0.0542,33.33,2.2,0,0.7601,,0,0,0,0,1,0,1,2022-03-10 10:15:00+05:30,2022-03-10 10:20:00+05:30,2022-03-10 15:00:00+05:30,281.55,278.66607142857146,286.7410714285714,-0.35,EOD-
S287,WIPRO,2022-03-10 10:25:00+05:30,-0.0009,-0.0186,0,,1.3069,42.31,-0.4816,0,0.6231,1.0,3,1,0,0,0,3,4,2022-03-10 10:40:00+05:30,2022-03-10 10:45:00+05:30,2022-03-10 14:00:00+05:30,282.0,279.7857142857143,285.98571428571427,-2.2143,L
S288,WIPRO,2022-03-10 12:10:00+05:30,-0.008,-0.0665,0,,1.607,22.22,-0.8773,0,2.7804,1.0,9,0,0,0,0,9,10,2022-03-10 12:55:00+05:30,2022-03-10 13:00:00+05:30,2022-03-10 14:00:00+05:30,281.6,280.3321428571429,283.88214285714287,-1.2679,L
S289,WIPRO,2022-03-10 13:05:00+05:30,-0.1083,-0.1385,0,,0.7893,66.67,-0.7619,0,1.6903,1.0,2,0,0,1,0,2,3,2022-03-10 13:15:00+05:30,2022-03-10 13:20:00+05:30,2022-03-10 14:00:00+05:30,281.4,280.0696428571428,283.79464285714283,-1.3304,L
S290,WIPRO,2022-03-10 13:25:00+05:30,-0.0631,-0.0888,0,,0.4619,22.22,-0.7938,0,0.6279,0.0,9,0,0,0,0,9,10,2022-03-10 14:10:00+05:30,2022-03-10 14:15:00+05:30,2022-03-10 15:00:00+05:30,281.1,279.7875,283.46250000000003,0.1,EOD+
S291,WIPRO,2022-03-10 14:20:00+05:30,-0.0667,-0.0845,0,,1.2734,30.77,-0.5031,0,0.619,1.0,2,1,0,0,0,2,3,2022-03-10 14:30:00+05:30,2022-03-10 14:35:00+05:30,2022-03-10 15:00:00+05:30,281.6,280.01964285714286,284.44464285714287,-0.4,EOD-
S292,WIPRO,2022-03-11 09:15:00+05:30,,,0,,3.661,52.27,-0.5985,0,0.8521,0.0,9,1,0,1,0,9,10,2022-03-11 10:00:00+05:30,2022-03-11 10:05:00+05:30,2022-03-11 10:25:00+05:30,281.4,279.6142857142857,284.6142857142857,-1.7857,L
S293,WIPRO,2022-03-11 10:15:00+05:30,-0.0392,-0.0552,2,2.0,0.3859,7.14,0.5172,0,0.5051,,0,0,0,1,1,0,1,2022-03-11 10:15:00+05:30,2022-03-11 10:20:00+05:30,2022-03-11 15:00:00+05:30,280.85,278.50178571428575,285.07678571428573,-0.6,EOD-
S294,WIPRO,2022-03-11 10:25:00+05:30,-0.0633,-0.0338,0,,1.1946,27.27,-0.8063,0,0.8483,1.0,6,0,0,1,0,6,7,2022-03-11 10:55:00+05:30,2022-03-11 11:00:00+05:30,2022-03-11 15:00:00+05:30,280.55,278.38928571428573,284.43928571428575,-0.3,EOD-
S295,WIPRO,2022-03-11 11:05:00+05:30,-0.0071,-0.1044,0,,0.59,0.0,-0.548,0,0.2737,0.0,3,0,0,1,0,3,4,2022-03-11 11:20:00+05:30,2022-03-11 11:25:00+05:30,2022-03-11 15:00:00+05:30,280.45,278.575,283.825,-0.2,EOD-
S296,WIPRO,2022-03-11 11:30:00+05:30,0.0071,0.0232,0,,0.8464,25.0,-0.5676,0,0.7434,0.0,1,0,0,1,0,1,2,2022-03-11 11:35:00+05:30,2022-03-11 11:40:00+05:30,2022-03-11 15:00:00+05:30,280.45,279.0839285714286,282.90892857142853,-0.2,EOD-
S297,WIPRO,2022-03-11 11:45:00+05:30,-0.0553,0.0071,0,,0.4065,76.92,-0.5556,0,1.8158,,0,0,0,0,1,0,1,2022-03-11 11:45:00+05:30,2022-03-11 11:50:00+05:30,2022-03-11 15:00:00+05:30,280.55,279.16607142857146,283.0410714285714,-0.3,EOD-
S298,WIPRO,2022-03-11 12:30:00+05:30,0.0784,0.0749,8,4.0,0.2318,64.29,0.5686,0,1.4746,,0,0,0,0,1,0,1,2022-03-11 12:30:00+05:30,2022-03-11 12:35:00+05:30,2022-03-11 15:00:00+05:30,281.0,279.625,283.47499999999997,-0.75,EOD-
S299,WIPRO,2022-03-11 12:50:00+05:30,0.0713,0.0722,3,1.0,0.2408,64.71,0.8519,0,0.4031,,0,1,0,0,1,0,1,2022-03-11 12:50:00+05:30,2022-03-11 12:55:00+05:30,2022-03-11 15:00:00+05:30,280.75,279.3482142857143,283.2732142857143,-0.5,EOD-
S300,WIPRO,2022-03-11 13:05:00+05:30,0.057,0.0713,1,1.0,1.1072,60.0,-0.5868,0,0.717,1.0,5,0,0,0,0,5,6,2022-03-11 13:30:00+05:30,2022-03-11 13:35:00+05:30,2022-03-11 15:00:00+05:30,280.85,279.4839285714286,283.30892857142857,-0.6,EOD-
S301,WIPRO,2022-03-11 13:40:00+05:30,0.0205,0.0125,0,,0.209,33.33,0.8605,0,0.8923,,0,0,0,0,1,0,1,2022-03-11 13:40:00+05:30,2022-03-11 13:45:00+05:30,2022-03-11 15:00:00+05:30,281.0,279.7142857142857,283.31428571428575,-0.75,EOD-
S302,WIPRO,2022-03-11 13:50:00+05:30,0.0036,0.008,0,,0.5429,75.0,-0.6491,0,0.4798,,0,0,0,1,1,0,1,2022-03-11 13:50:00+05:30,2022-03-11 13:55:00+05:30,2022-03-11 15:00:00+05:30,280.85,279.5375,283.21250000000003,-0.6,EOD-
S303,WIPRO,2022-03-14 09:15:00+05:30,,,0,,0.4871,70.45,-0.3277,0,2.7416,,0,0,0,0,1,0,1,2022-03-14 09:15:00+05:30,2022-03-14 09:20:00+05:30,2022-03-14 09:55:00+05:30,281.7,280.17321428571427,284.44821428571424,2.7482,W
S304,WIPRO,2022-03-14 10:50:00+05:30,0.3027,0.3068,18,11.0,0.5098,22.22,-0.2537,0,0.3648,0.0,1,0,1,1,0,1,2,2022-03-14 10:55:00+05:30,2022-03-14 11:00:00+05:30,2022-03-14 12:25:00+05:30,283.45,281.8071428571429,286.40714285714284,2.9571,W
S305,WIPRO,2022-03-14 11:05:00+05:30,0.1746,0.3027,0,,1.5273,75.0,-0.9359,0,0.7544,1.0,1,0,0,0,0,1,2,2022-03-14 11:10:00+05:30,2022-03-14 11:15:00+05:30,2022-03-14 11:45:00+05:30,283.55,282.2732142857143,285.84821428571433,2.2982,W
S306,WIPRO,2022-03-14 13:15:00+05:30,0.1715,0.232,23,9.0,0.0385,75.0,3.0,0,0.248,,0,1,1,1,1,0,1,2022-03-14 13:15:00+05:30,2022-03-14 13:20:00+05:30,2022-03-14 15:00:00+05:30,285.95,284.325,288.875,0.1,EOD+
S307,WIPRO,2022-03-14 13:25:00+05:30,0.1067,0.196,0,,0.1204,37.5,1.963,0,0.556,,0,0,0,0,1,0,1,2022-03-14 13:25:00+05:30,2022-03-14 13:30:00+05:30,2022-03-14 15:00:00+05:30,286.1,284.6982142857143,288.6232142857143,-0.05,EOD-
S308,WIPRO,2022-03-14 13:35:00+05:30,0.042,0.14,0,,0.9115,54.55,-0.6685,0,0.6392,0.0,2,0,0,0,0,2,3,2022-03-14 13:45:00+05:30,2022-03-14 13:50:00+05:30,2022-03-14 15:00:00+05:30,285.95,284.7089285714286,288.1839285714285,0.1,EOD+
S309,WIPRO,2022-03-14 13:55:00+05:30,0.0367,0.0324,0,,0.7,66.67,-0.6429,0,1.0718,1.0,3,1,1,1,0,3,4,2022-03-14 14:10:00+05:30,2022-03-14 14:15:00+05:30,2022-03-14 15:00:00+05:30,286.2,285.2,288.0,-0.15,EOD-
S310,WIPRO,2022-03-15 09:15:00+05:30,,,0,,0.9612,66.13,0.5217,0,4.1976,,0,0,0,0,1,0,1,2022-03-15 09:15:00+05:30,2022-03-15 09:20:00+05:30,2022-03-15 09:40:00+05:30,286.45,284.65535714285716,289.68035714285713,-1.7946,L
S311,WIPRO,2022-03-15 09:25:00+05:30,,,0,,1.4452,29.73,-0.3002,0,1.2242,,0,0,0,0,1,0,1,2022-03-15 09:25:00+05:30,2022-03-15 09:30:00+05:30,2022-03-15 09:45:00+05:30,286.25,283.9017857142857,290.4767857142857,-2.3482,L
S312,WIPRO,2022-03-15 11:05:00+05:30,-0.1715,-0.1502,0,,0.5011,33.33,-0.2063,0,1.413,1.0,9,1,0,1,0,9,10,2022-03-15 11:50:00+05:30,2022-03-15 11:55:00+05:30,2022-03-15 13:00:00+05:30,284.45,282.8785714285714,287.27857142857147,-1.5714,L
S313,WIPRO,2022-03-15 12:15:00+05:30,0.0431,0.0026,4,3.0,0.016,90.0,5.6667,0,0.7416,,0,1,1,1,1,0,1,2022-03-15 12:15:00+05:30,2022-03-15 12:20:00+05:30,2022-03-15 13:00:00+05:30,284.25,283.0803571428571,286.3553571428572,-1.1696,L
S314,WIPRO,2022-03-15 12:30:00+05:30,0.0422,0.0431,1,1.0,0.005,75.0,59.0,0,0.7951,,0,0,1,1,1,0,1,2022-03-15 12:30:00+05:30,2022-03-15 12:35:00+05:30,2022-03-15 12:40:00+05:30,284.5,283.2410714285714,286.7660714285715,-1.2589,L
S315,WIPRO,2022-03-17 10:55:00+05:30,0.5558,0.6572,20,19.0,0.0797,82.35,1.2222,0,0.8776,,0,1,0,1,1,0,1,2022-03-17 10:55:00+05:30,2022-03-17 11:00:00+05:30,2022-03-17 15:00:00+05:30,289.55,288.13928571428573,292.0892857142857,-1.4107,L
S316,WIPRO,2022-03-17 12:45:00+05:30,0.1631,0.2011,21,17.0,0.0168,42.86,12.3333,0,0.386,,0,0,1,1,1,0,1,2022-03-17 12:45:00+05:30,2022-03-17 12:50:00+05:30,2022-03-17 13:20:00+05:30,291.3,290.1839285714286,293.30892857142857,-1.1161,L
S317,WIPRO,2022-03-21 10:30:00+05:30,0.2543,0.1627,15,13.0,0.1541,66.67,0.3043,0,0.2016,,0,0,0,0,1,0,1,2022-03-21 10:30:00+05:30,2022-03-21 10:35:00+05:30,2022-03-21 12:45:00+05:30,291.05,289.1839285714286,294.40892857142853,-1.8661,L
S318,WIPRO,2022-03-21 10:45:00+05:30,0.3292,0.2543,0,,1.056,50.0,-0.8485,0,2.895,1.0,9,1,0,1,0,9,10,2022-03-21 11:30:00+05:30,2022-03-21 11:35:00+05:30,2022-03-21 12:35:00+05:30,291.7,290.1375,294.5125,-1.5625,L
S319,WIPRO,2022-03-21 11:50:00+05:30,0.0678,-0.0489,3,3.0,0.3454,87.5,-0.4667,0,0.2577,0.0,2,0,0,1,0,2,3,2022-03-21 12:00:00+05:30,2022-03-21 12:05:00+05:30,2022-03-21 12:35:00+05:30,291.4,290.04285714285714,293.8428571428571,-1.3571,L
S320,WIPRO,2022-03-22 09:25:00+05:30,,,2,2.0,0.0135,65.52,12.3333,0,1.4964,,0,0,0,1,1,0,1,2022-03-22 09:25:00+05:30,2022-03-22 09:30:00+05:30,2022-03-22 15:00:00+05:30,287.5,284.73214285714283,292.4821428571429,2.7,EOD+
S321,WIPRO,2022-03-22 09:35:00+05:30,,,0,,1.4842,3.33,-0.9485,0,0.3673,0.0,9,0,0,0,0,9,10,2022-03-22 10:20:00+05:30,2022-03-22 10:25:00+05:30,2022-03-22 15:00:00+05:30,287.15,283.8821428571428,293.03214285714284,3.05,EOD+
S322,WIPRO,2022-03-22 10:30:00+05:30,-0.0044,-0.0445,0,,0.8068,62.5,-0.5493,0,0.3795,0.0,7,1,0,0,0,7,8,2022-03-22 11:05:00+05:30,2022-03-22 11:10:00+05:30,2022-03-22 15:00:00+05:30,286.45,283.7,291.4,3.75,EOD+
S323,WIPRO,2022-03-22 14:10:00+05:30,0.1287,0.1547,36,2.0,0.1834,9.09,3.7368,0,0.9142,,0,0,0,0,1,0,1,2022-03-22 14:10:00+05:30,2022-03-22 14:15:00+05:30,2022-03-22 15:00:00+05:30,289.9,288.6053571428571,292.23035714285714,0.3,EOD+
S324,WIPRO,2022-03-22 14:20:00+05:30,0.0898,0.1304,0,,0.2053,12.5,-0.4872,0,0.5213,0.0,1,1,0,0,0,1,2,2022-03-22 14:25:00+05:30,2022-03-22 14:30:00+05:30,2022-03-22 15:00:00+05:30,289.8,288.6125,291.93750000000006,0.4,EOD+
S325,WIPRO,2022-03-23 10:25:00+05:30,0.1618,0.1962,14,14.0,0.35,16.67,0.25,0,0.4542,,0,1,0,1,1,0,1,2022-03-23 10:25:00+05:30,2022-03-23 10:30:00+05:30,2022-03-23 13:55:00+05:30,292.2,290.48571428571427,295.2857142857143,-1.7143,L
S326,WIPRO,2022-03-23 11:10:00+05:30,0.0769,0.0718,8,3.0,0.3916,25.0,0.25,0,0.927,,0,1,0,0,1,0,1,2022-03-23 11:10:00+05:30,2022-03-23 11:15:00+05:30,2022-03-23 12:05:00+05:30,292.6,291.32321428571436,294.89821428571423,-1.2768,L
S327,WIPRO,2022-03-23 11:25:00+05:30,0.0684,0.0769,1,1.0,0.0882,0.0,4.0,0,0.4948,,0,1,0,1,1,0,1,2022-03-23 11:25:00+05:30,2022-03-23 11:30:00+05:30,2022-03-23 12:00:00+05:30,292.7,291.56607142857143,294.74107142857133,-1.1339,L
S328,WIPRO,2022-03-23 11:45:00+05:30,0.0572,0.076,3,2.0,0.2944,22.22,0.1321,0,0.7814,,0,0,1,0,1,0,1,2022-03-23 11:45:00+05:30,2022-03-23 11:50:00+05:30,2022-03-23 12:00:00+05:30,292.75,291.625,294.775,-1.125,L
S329,WIPRO,2022-03-23 12:35:00+05:30,-0.1001,-0.0624,0,,1.9793,69.23,-0.9187,0,0.8698,0.0,9,1,1,1,0,9,10,2022-03-23 13:20:00+05:30,2022-03-23 13:25:00+05:30,2022-03-23 15:00:00+05:30,291.7,290.14642857142854,294.49642857142857,-0.2,EOD-
S330,WIPRO,2022-03-23 13:40:00+05:30,-0.0472,-0.1149,3,2.0,0.3973,53.33,-0.2857,0,1.3953,1.0,7,1,0,0,0,7,8,2022-03-23 14:15:00+05:30,2022-03-23 14:20:00+05:30,2022-03-23 15:00:00+05:30,291.7,290.37857142857143,294.0785714285714,-0.2,EOD-
S331,WIPRO,2022-03-24 09:15:00+05:30,,,0,,2.6125,75.0,-1.0,0,2.5826,,0,1,0,0,1,0,1,2022-03-24 09:15:00+05:30,2022-03-24 09:20:00+05:30,2022-03-24 15:00:00+05:30,291.8,290.3,294.49999999999994,0.55,EOD+
S332,WIPRO,2022-03-24 09:30:00+05:30,,,1,1.0,1.0013,58.82,-0.3103,0,0.7101,0.0,2,0,0,1,0,2,3,2022-03-24 09:40:00+05:30,2022-03-24 09:45:00+05:30,2022-03-24 12:35:00+05:30,292.75,290.7589285714286,296.33392857142854,-1.9911,L
S333,WIPRO,2022-03-24 09:50:00+05:30,0.0445,,1,1.0,0.129,0.0,2.8298,0,0.8204,,0,1,1,0,1,0,1,2022-03-24 09:50:00+05:30,2022-03-24 09:55:00+05:30,2022-03-24 15:00:00+05:30,292.45,290.17321428571427,296.54821428571427,-0.1,EOD-
S334,WIPRO,2022-03-24 10:15:00+05:30,0.0659,0.0616,0,,0.6421,54.55,-0.5902,0,1.1549,1.0,9,1,0,0,0,9,10,2022-03-24 11:00:00+05:30,2022-03-24 11:05:00+05:30,2022-03-24 15:00:00+05:30,292.1,289.725,296.375,0.25,EOD+
S335,WIPRO,2022-03-24 11:20:00+05:30,0.006,-0.0445,3,2.0,0.0246,53.33,24.0,0,1.7445,,0,0,0,0,1,0,1,2022-03-24 11:20:00+05:30,2022-03-24 11:25:00+05:30,2022-03-24 11:40:00+05:30,292.65,291.6321428571428,294.48214285714283,-1.0179,L
S336,WIPRO,2022-03-24 11:30:00+05:30,0.0257,0.0,1,1.0,0.1781,26.67,3.8276,0,1.336,,0,1,0,0,1,0,1,2022-03-24 11:30:00+05:30,2022-03-24 11:35:00+05:30,2022-03-24 12:10:00+05:30,292.3,291.28214285714284,294.13214285714287,-1.0179,L
S337,WIPRO,2022-03-24 11:40:00+05:30,-0.0077,0.0205,1,1.0,0.9008,55.56,0.0191,0,0.6215,,0,0,0,0,1,0,1,2022-03-24 11:40:00+05:30,2022-03-24 11:45:00+05:30,2022-03-24 12:20:00+05:30,291.9,290.81071428571425,293.86071428571427,-1.0893,L
S338,WIPRO,2022-03-24 11:50:00+05:30,-0.0291,0.0086,0,,0.8282,33.33,-0.7419,0,0.3444,0.0,1,0,0,1,0,1,2,2022-03-24 11:55:00+05:30,2022-03-24 12:00:00+05:30,2022-03-24 12:20:00+05:30,292.0,290.83035714285717,294.1053571428571,-1.1696,L
S339,WIPRO,2022-03-24 12:40:00+05:30,-0.0274,-0.0128,0,,1.4955,42.86,-0.8784,0,1.4326,1.0,9,0,0,0,0,9,10,2022-03-24 13:25:00+05:30,2022-03-24 13:30:00+05:30,2022-03-24 15:00:00+05:30,291.6,290.225,294.075,0.75,EOD+
S340,WIPRO,2022-03-24 13:35:00+05:30,-0.0609,-0.1193,0,,0.4683,6.25,0.6842,0,1.2507,,0,0,0,0,1,0,1,2022-03-24 13:35:00+05:30,2022-03-24 13:40:00+05:30,2022-03-24 15:00:00+05:30,291.45,290.1821428571429,293.7321428571428,0.9,EOD+
S341,WIPRO,2022-03-24 13:45:00+05:30,-0.0335,-0.0755,0,,0.1874,16.67,1.3529,0,0.4686,,0,1,0,1,1,0,1,2022-03-24 13:45:00+05:30,2022-03-24 13:50:00+05:30,2022-03-24 15:00:00+05:30,291.35,290.2160714285715,293.39107142857137,1.0,EOD+
S342,WIPRO,2022-03-24 13:55:00+05:30,-0.0309,-0.0421,1,1.0,0.1721,14.29,2.3333,0,0.7053,,0,1,0,1,1,0,1,2022-03-24 13:55:00+05:30,2022-03-24 14:00:00+05:30,2022-03-24 15:00:00+05:30,291.4,290.3107142857143,293.3607142857142,0.95,EOD+
S343,WIPRO,2022-03-24 14:20:00+05:30,0.0463,0.0077,4,2.0,0.1263,54.55,4.0,0,2.2225,,0,1,1,1,1,0,1,2022-03-24 14:20:00+05:30,2022-03-24 14:25:00+05:30,2022-03-24 15:00:00+05:30,292.25,291.0625,294.3875,0.1,EOD+
S344,WIPRO,2022-03-25 09:15:00+05:30,,,0,,1.0182,5.0,0.0156,0,3.1,,0,1,1,0,1,0,1,2022-03-25 09:15:00+05:30,2022-03-25 09:20:00+05:30,2022-03-25 09:35:00+05:30,292.3,290.72857142857146,295.12857142857143,-1.5714,L
S345,WIPRO,2022-03-25 09:35:00+05:30,,,0,,2.4591,65.52,-0.8515,0,0.6717,0.0,9,0,1,0,0,9,10,2022-03-25 10:20:00+05:30,2022-03-25 10:25:00+05:30,2022-03-25 12:40:00+05:30,291.4,289.34642857142853,295.09642857142853,-2.0536,L
S346,WIPRO,2022-03-25 13:40:00+05:30,-0.2859,-0.2638,0,,2.5654,46.15,-0.7866,0,1.5794,1.0,9,0,0,0,0,9,10,2022-03-25 14:25:00+05:30,2022-03-25 14:30:00+05:30,2022-03-25 15:00:00+05:30,287.8,286.20178571428573,290.6767857142857,-0.75,EOD-
S347,WIPRO,2022-03-28 11:25:00+05:30,-0.1562,-0.2389,0,,0.7131,37.5,-0.5092,0,0.7453,0.0,9,1,1,1,0,9,10,2022-03-28 12:10:00+05:30,2022-03-28 12:15:00+05:30,2022-03-28 15:00:00+05:30,286.15,284.72142857142853,288.7214285714286,1.0,EOD+
S348,WIPRO,2022-03-28 13:20:00+05:30,0.095,0.1012,13,1.0,0.4494,90.48,-0.6154,0,0.9616,0.0,1,0,0,1,0,1,2,2022-03-28 13:25:00+05:30,2022-03-28 13:30:00+05:30,2022-03-28 15:00:00+05:30,287.1,285.6535714285714,289.7035714285715,0.05,EOD+
S349,WIPRO,2022-03-28 13:40:00+05:30,0.0532,0.1037,0,,2.069,11.11,-0.8715,0,1.044,1.0,9,1,1,0,0,9,10,2022-03-28 14:25:00+05:30,2022-03-28 14:30:00+05:30,2022-03-28 15:00:00+05:30,287.25,285.8392857142857,289.7892857142857,-0.1,EOD-
S350,WIPRO,2022-03-29 10:25:00+05:30,0.1112,0.0904,14,13.0,0.3301,58.82,-0.2771,0,0.374,0.0,1,0,0,0,0,1,2,2022-03-29 10:30:00+05:30,2022-03-29 10:35:00+05:30,2022-03-29 15:00:00+05:30,287.7,286.1285714285714,290.52857142857147,0.3,EOD+
S351,WIPRO,2022-03-29 10:40:00+05:30,0.0738,0.1112,0,,1.1919,55.56,-0.6825,0,0.5452,0.0,9,0,1,1,0,9,10,2022-03-29 11:25:00+05:30,2022-03-29 11:30:00+05:30,2022-03-29 12:05:00+05:30,287.95,286.62857142857143,290.3285714285714,-1.3214,L
S352,WIPRO,2022-03-29 11:35:00+05:30,-0.0208,-0.0356,0,,0.8313,35.71,0.0526,0,10.7203,,0,0,0,0,1,0,1,2022-03-29 11:35:00+05:30,2022-03-29 11:40:00+05:30,2022-03-29 11:45:00+05:30,288.05,287.1928571428572,289.5928571428571,-0.8571,L
S353,WIPRO,2022-03-29 12:10:00+05:30,-0.08,-0.0365,0,,2.3529,28.57,-0.95,0,1.0726,1.0,9,0,0,0,0,9,10,2022-03-29 12:55:00+05:30,2022-03-29 13:00:00+05:30,2022-03-29 15:00:00+05:30,287.35,286.2875000000001,289.2625,0.65,EOD+
S354,WIPRO,2022-03-29 13:05:00+05:30,-0.0583,-0.0862,0,,0.0402,37.5,4.7143,0,0.5336,,0,1,0,1,1,0,1,2022-03-29 13:05:00+05:30,2022-03-29 13:10:00+05:30,2022-03-29 15:00:00+05:30,287.3,286.2107142857143,289.2607142857143,0.7,EOD+
S355,WIPRO,2022-03-30 10:25:00+05:30,0.1839,0.2048,14,10.0,0.1323,11.11,2.2258,0,0.3957,,0,1,0,0,1,0,1,2022-03-30 10:25:00+05:30,2022-03-30 10:30:00+05:30,2022-03-30 13:45:00+05:30,289.8,288.3357142857143,292.43571428571425,-1.4643,L
S356,WIPRO,2022-03-30 10:40:00+05:30,0.1811,0.1839,2,2.0,0.2667,20.0,0.6667,0,0.4522,,0,0,0,0,1,0,1,2022-03-30 10:40:00+05:30,2022-03-30 10:45:00+05:30,2022-03-30 12:15:00+05:30,290.05,288.925,292.075,-1.125,L
S357,WIPRO,2022-03-30 10:50:00+05:30,0.1766,0.1794,0,,0.6,14.29,-0.375,0,0.7108,1.0,3,1,1,1,0,3,4,2022-03-30 11:05:00+05:30,2022-03-30 11:10:00+05:30,2022-03-30 12:15:00+05:30,290.3,289.3,292.1,-1.0,L
S358,WIPRO,2022-03-30 11:25:00+05:30,-0.0069,0.0362,3,2.0,0.7277,25.0,0.1429,0,0.9037,,0,1,0,1,1,0,1,2022-03-30 11:25:00+05:30,2022-03-30 11:30:00+05:30,2022-03-30 12:15:00+05:30,290.2,289.29821428571427,291.8232142857143,-0.9018,L
S359,WIPRO,2022-03-30 12:05:00+05:30,-0.0009,0.0078,0,,1.3607,57.14,-0.9038,0,0.8847,1.0,9,1,0,1,0,9,10,2022-03-30 12:50:00+05:30,2022-03-30 12:55:00+05:30,2022-03-30 13:45:00+05:30,289.9,288.9446428571428,291.6196428571429,-0.9554,L
S360,WIPRO,2022-03-30 13:00:00+05:30,-0.0224,-0.0233,0,,0.5976,60.0,-0.2381,0,1.3822,1.0,3,0,0,0,0,3,4,2022-03-30 13:15:00+05:30,2022-03-30 13:20:00+05:30,2022-03-30 13:45:00+05:30,289.95,288.85178571428565,291.92678571428576,-1.0982,L
S361,WIPRO,2022-03-31 09:15:00+05:30,,,0,,0.9989,61.29,-1.0,0,1.1195,,0,0,0,0,1,0,1,2022-03-31 09:15:00+05:30,2022-03-31 09:20:00+05:30,2022-03-31 09:25:00+05:30,287.7,286.11071428571427,290.56071428571425,-1.5893,L
S362,WIPRO,2022-03-31 12:00:00+05:30,-0.113,-0.0718,0,,2.6031,25.0,-0.888,0,1.0182,1.0,9,0,0,1,0,9,10,2022-03-31 12:45:00+05:30,2022-03-31 12:50:00+05:30,2022-03-31 14:05:00+05:30,284.95,284.09285714285716,286.4928571428571,-0.8571,L
S363,WIPRO,2022-03-31 13:20:00+05:30,-0.0246,-0.0325,6,4.0,0.3023,50.0,0.0526,0,0.9732,,0,1,0,1,1,0,1,2022-03-31 13:20:00+05:30,2022-03-31 13:25:00+05:30,2022-03-31 14:05:00+05:30,284.75,283.9642857142857,286.16428571428577,-0.7857,L
S364,WIPRO,2022-03-31 13:45:00+05:30,0.0483,0.007,3,3.0,0.3602,44.44,0.5094,0,0.884,,0,0,0,0,1,0,1,2022-03-31 13:45:00+05:30,2022-03-31 13:50:00+05:30,2022-03-31 14:05:00+05:30,285.15,284.2303571428571,286.80535714285713,-0.9196,L
S365,WIPRO,2022-04-01 09:15:00+05:30,,,0,,2.1884,18.37,-0.5623,0,0.3629,0.0,4,1,0,1,0,4,5,2022-04-01 09:35:00+05:30,2022-04-01 09:40:00+05:30,2022-04-01 15:00:00+05:30,283.25,281.55357142857144,286.3035714285714,3.0536,W
S366,WIPRO,2022-04-01 11:30:00+05:30,0.1761,0.2534,22,4.0,0.1414,75.0,-1.0,0,1.0563,0.0,1,0,0,0,0,1,2,2022-04-01 11:35:00+05:30,2022-04-01 11:40:00+05:30,2022-04-01 12:35:00+05:30,285.6,284.71607142857147,287.19107142857143,-0.8839,L
S367,WIPRO,2022-04-01 12:30:00+05:30,-0.0184,-0.007,0,,1.6079,62.5,-1.0,0,1.2301,0.0,9,1,0,0,0,9,10,2022-04-01 13:15:00+05:30,2022-04-01 13:20:00+05:30,2022-04-01 15:00:00+05:30,285.05,284.1482142857143,286.67321428571427,1.6232,W
S368,WIPRO,2022-04-04 09:15:00+05:30,,,0,,0.14,50.88,16.5,0,3.6371,,0,1,0,0,1,0,1,2022-04-04 09:15:00+05:30,2022-04-04 09:20:00+05:30,2022-04-04 15:00:00+05:30,287.7,286.2714285714286,290.2714285714285,1.5,EOD+
S369,WIPRO,2022-04-04 10:55:00+05:30,0.0754,0.1335,19,9.0,0.0391,44.44,3.4444,0,0.6575,,0,0,0,1,1,0,1,2022-04-04 10:55:00+05:30,2022-04-04 11:00:00+05:30,2022-04-04 15:00:00+05:30,288.5,287.0625,291.0875,0.7,EOD+
S370,WIPRO,2022-04-04 11:05:00+05:30,0.0416,0.0806,0,,0.4815,54.55,-0.4958,0,1.2838,,0,1,0,0,1,0,1,2022-04-04 11:05:00+05:30,2022-04-04 11:10:00+05:30,2022-04-04 15:00:00+05:30,288.65,287.1053571428571,291.43035714285713,0.55,EOD+
S371,WIPRO,2022-04-04 12:40:00+05:30,-0.0173,-0.0043,0,,1.8836,22.22,-0.7973,0,1.1045,1.0,9,0,0,0,0,9,10,2022-04-04 13:25:00+05:30,2022-04-04 13:30:00+05:30,2022-04-04 15:00:00+05:30,288.75,287.7678571428571,290.51785714285717,0.45,EOD+
S372,WIPRO,2022-04-05 09:15:00+05:30,,,0,,3.7908,62.86,-0.6307,0,2.6466,0.0,1,1,0,0,0,1,2,2022-04-05 09:20:00+05:30,2022-04-05 09:25:00+05:30,2022-04-05 10:00:00+05:30,289.8,288.63928571428573,291.88928571428573,-1.1607,L
S373,WIPRO,2022-04-05 10:45:00+05:30,-0.1498,-0.1254,0,,2.4121,33.33,-0.963,0,0.5982,1.0,9,0,0,1,0,9,10,2022-04-05 11:30:00+05:30,2022-04-05 11:35:00+05:30,2022-04-05 14:00:00+05:30,287.6,286.1982142857143,290.12321428571437,-1.4018,L
S374,WIPRO,2022-04-05 11:40:00+05:30,-0.1539,-0.2494,0,,0.2777,75.0,-1.0,0,0.4212,,0,0,1,1,1,0,1,2022-04-05 11:40:00+05:30,2022-04-05 11:45:00+05:30,2022-04-05 14:00:00+05:30,287.55,286.46964285714284,289.4946428571429,-1.0804,L
S375,WIPRO,2022-04-05 11:50:00+05:30,-0.1114,-0.1861,0,,0.5613,80.0,-1.0,0,0.2577,0.0,2,0,0,1,0,2,3,2022-04-05 12:00:00+05:30,2022-04-05 12:05:00+05:30,2022-04-05 14:00:00+05:30,287.25,286.25892857142856,289.0339285714286,-0.9911,L
S376,WIPRO,2022-04-05 12:15:00+05:30,-0.0548,-0.0766,1,1.0,0.7067,100.0,-1.0,0,0.4672,0.0,3,0,0,0,0,3,4,2022-04-05 12:30:00+05:30,2022-04-05 12:35:00+05:30,2022-04-05 14:00:00+05:30,287.25,286.3125,288.9375,-0.9375,L
S377,WIPRO,2022-04-05 12:40:00+05:30,0.0026,-0.0427,0,,0.0829,100.0,-1.0,0,1.027,1.0,1,0,0,0,0,1,2,2022-04-05 12:45:00+05:30,2022-04-05 12:50:00+05:30,2022-04-05 14:00:00+05:30,287.25,286.57142857142856,288.47142857142853,-0.6786,L
S378,WIPRO,2022-04-05 12:55:00+05:30,0.02,0.0026,0,,0.4136,25.0,0.0256,0,0.6597,,0,0,0,1,1,0,1,2022-04-05 12:55:00+05:30,2022-04-05 13:00:00+05:30,2022-04-05 14:00:00+05:30,287.25,286.6607142857143,288.3107142857143,-0.5893,L
S379,WIPRO,2022-04-05 13:05:00+05:30,0.0104,0.0157,0,,0.8723,12.5,-0.2593,0,0.8631,0.0,1,0,0,1,0,1,2,2022-04-05 13:10:00+05:30,2022-04-05 13:15:00+05:30,2022-04-05 14:00:00+05:30,287.25,286.66964285714283,288.2946428571429,-0.5804,L
S380,WIPRO,2022-04-05 13:20:00+05:30,-0.0139,0.0104,0,,0.9525,80.0,-0.759,0,0.9387,1.0,1,1,0,1,0,1,2,2022-04-05 13:25:00+05:30,2022-04-05 13:30:00+05:30,2022-04-05 14:00:00+05:30,287.25,286.7053571428571,288.2303571428572,-0.5446,L
S381,WIPRO,2022-04-06 10:20:00+05:30,-0.2556,-0.2737,0,,0.8107,12.5,-0.631,0,0.3675,1.0,9,1,0,1,0,9,10,2022-04-06 11:05:00+05:30,2022-04-06 11:10:00+05:30,2022-04-06 15:00:00+05:30,283.8,281.7107142857143,287.5607142857143,-0.75,EOD-
S382,WIPRO,2022-04-06 11:35:00+05:30,0.0167,0.0203,4,3.0,0.0424,0.0,12.3333,0,0.5605,,0,1,0,1,1,0,1,2022-04-06 11:35:00+05:30,2022-04-06 11:40:00+05:30,2022-04-06 14:55:00+05:30,284.05,283.1660714285714,285.6410714285715,-0.8839,L
S383,WIPRO,2022-04-06 11:50:00+05:30,0.0291,0.0167,2,1.0,0.759,75.0,-0.7778,0,1.8167,1.0,1,1,0,0,0,1,2,2022-04-06 11:55:00+05:30,2022-04-06 12:00:00+05:30,2022-04-06 13:25:00+05:30,284.05,283.30892857142857,285.38392857142856,-0.7411,L
S384,WIPRO,2022-04-06 12:05:00+05:30,0.0053,0.0291,1,1.0,0.2423,50.0,0.4815,0,0.8283,,0,0,0,0,1,0,1,2022-04-06 12:05:00+05:30,2022-04-06 12:10:00+05:30,2022-04-06 13:25:00+05:30,283.95,283.25357142857143,285.2035714285714,-0.6964,L
S385,WIPRO,2022-04-06 12:15:00+05:30,-0.0079,0.0185,0,,0.9427,0.0,-0.2079,0,0.5587,0.0,2,1,1,1,0,2,3,2022-04-06 12:25:00+05:30,2022-04-06 12:30:00+05:30,2022-04-06 13:25:00+05:30,284.05,283.3803571428572,285.2553571428571,-0.6696,L
S386,WIPRO,2022-04-06 12:45:00+05:30,0.0625,0.0185,3,3.0,0.4033,83.33,-0.2453,0,0.6991,0.0,5,0,0,0,0,5,6,2022-04-06 13:10:00+05:30,2022-04-06 13:15:00+05:30,2022-04-06 13:25:00+05:30,284.05,283.22857142857146,285.5285714285714,-0.8214,L
S387,WIPRO,2022-04-06 13:35:00+05:30,-0.0308,-0.0211,0,,1.3811,0.0,-0.6347,0,0.7109,1.0,9,0,0,1,0,9,10,2022-04-06 14:20:00+05:30,2022-04-06 14:25:00+05:30,2022-04-06 15:00:00+05:30,283.7,282.70892857142854,285.4839285714286,-0.65,EOD-
S388,WIPRO,2022-04-07 11:15:00+05:30,-0.0304,-0.2358,0,,2.0421,0.0,-0.7636,0,0.4565,0.0,9,0,0,1,0,9,10,2022-04-07 12:00:00+05:30,2022-04-07 12:05:00+05:30,2022-04-07 13:45:00+05:30,279.4,278.10535714285714,281.73035714285714,-1.2946,L
S389,WIPRO,2022-04-07 12:15:00+05:30,-0.0779,-0.1182,1,1.0,0.63,100.0,-1.0,0,0.8128,0.0,2,0,0,0,0,2,3,2022-04-07 12:25:00+05:30,2022-04-07 12:30:00+05:30,2022-04-07 13:30:00+05:30,279.4,278.59642857142853,280.84642857142853,-0.8036,L
S390,WIPRO,2022-04-07 12:50:00+05:30,0.0278,-0.017,4,2.0,0.1676,25.0,1.3529,0,0.9969,,0,0,1,1,1,0,1,2022-04-07 12:50:00+05:30,2022-04-07 12:55:00+05:30,2022-04-07 13:25:00+05:30,279.35,278.71607142857147,280.49107142857144,-0.6339,L
S391,WIPRO,2022-04-08 11:10:00+05:30,0.0939,0.1584,23,12.0,0.0101,0.0,29.0,0,0.7431,,0,0,0,1,1,0,1,2022-04-08 11:10:00+05:30,2022-04-08 11:15:00+05:30,2022-04-08 11:25:00+05:30,279.5,278.2678571428571,281.71785714285716,-1.2321,L
S392,WIPRO,2022-04-08 11:20:00+05:30,0.0564,0.111,1,1.0,1.0638,80.0,-1.0,0,1.5087,1.0,9,0,0,0,0,9,10,2022-04-08 12:05:00+05:30,2022-04-08 12:10:00+05:30,2022-04-08 15:00:00+05:30,279.1,277.96607142857147,281.1410714285715,0.5,EOD+
S393,WIPRO,2022-04-08 12:15:00+05:30,-0.043,-0.1093,0,,0.1551,83.33,0.1429,0,1.404,,0,1,0,0,1,0,1,2022-04-08 12:15:00+05:30,2022-04-08 12:20:00+05:30,2022-04-08 15:00:00+05:30,279.5,278.0892857142857,282.03928571428577,0.1,EOD+
S394,WIPRO,2022-04-08 13:30:00+05:30,0.1352,0.0627,14,14.0,0.3952,78.57,-0.1429,0,0.5968,,0,1,0,1,1,0,1,2022-04-08 13:30:00+05:30,2022-04-08 13:35:00+05:30,2022-04-08 15:00:00+05:30,279.8,278.6928571428572,281.79285714285714,-1.1071,L
S395,WIPRO,2022-04-08 14:15:00+05:30,0.0608,0.0742,8,1.0,0.1828,28.57,3.0,0,1.1852,,0,0,0,0,1,0,1,2022-04-08 14:15:00+05:30,2022-04-08 14:20:00+05:30,2022-04-08 15:00:00+05:30,279.85,278.65357142857147,282.00357142857143,-1.1964,L
S396,WIPRO,2022-04-08 14:25:00+05:30,0.0617,0.0679,0,,0.0962,28.57,1.2222,0,0.8097,,0,0,0,1,1,0,1,2022-04-08 14:25:00+05:30,2022-04-08 14:30:00+05:30,2022-04-08 15:00:00+05:30,279.8,278.6303571428572,281.90535714285716,-1.1696,L
S397,WIPRO,2022-04-11 11:35:00+05:30,-0.172,-0.1218,0,,4.2394,41.67,-0.907,0,0.4575,0.0,9,0,0,1,0,9,10,2022-04-11 12:20:00+05:30,2022-04-11 12:25:00+05:30,2022-04-11 15:00:00+05:30,273.55,272.28214285714284,275.8321428571429,-0.35,EOD-
S398,WIPRO,2022-04-11 12:30:00+05:30,-0.1509,-0.2212,0,,1.2552,66.67,-0.7692,0,0.2894,0.0,4,0,0,1,0,4,5,2022-04-11 12:50:00+05:30,2022-04-11 12:55:00+05:30,2022-04-11 15:00:00+05:30,273.35,272.05535714285713,275.68035714285725,-0.15,EOD-
S399,WIPRO,2022-04-11 13:45:00+05:30,0.1034,0.0952,10,2.0,0.2827,55.56,0.9048,0,1.2096,,0,1,1,0,1,0,1,2022-04-11 13:45:00+05:30,2022-04-11 13:50:00+05:30,2022-04-11 15:00:00+05:30,273.45,272.52142857142854,275.1214285714286,-0.9286,L
S400,WIPRO,2022-04-11 13:55:00+05:30,0.0585,0.1125,0,,0.224,14.29,2.125,0,0.5021,,0,0,0,1,1,0,1,2022-04-11 13:55:00+05:30,2022-04-11 14:00:00+05:30,2022-04-11 15:00:00+05:30,273.5,272.60714285714283,275.10714285714295,-0.8929,L
S401,WIPRO,2022-04-11 14:05:00+05:30,0.0165,0.0933,0,,0.4913,33.33,0.0959,0,1.0031,,0,0,1,0,1,0,1,2022-04-11 14:05:00+05:30,2022-04-11 14:10:00+05:30,2022-04-11 14:40:00+05:30,273.6,272.6714285714286,275.27142857142866,-0.9286,L
S402,WIPRO,2022-04-11 14:15:00+05:30,0.0274,0.022,1,1.0,0.5467,14.29,0.2195,0,0.8016,,0,1,0,0,1,0,1,2022-04-11 14:15:00+05:30,2022-04-11 14:20:00+05:30,2022-04-11 15:00:00+05:30,273.4,272.4624999999999,275.08750000000003,-0.2,EOD-
S403,WIPRO,2022-04-11 14:25:00+05:30,0.0558,0.0229,0,,0.2137,25.0,-0.3103,0,1.1474,1.0,1,0,1,1,0,1,2,2022-04-11 14:30:00+05:30,2022-04-11 14:35:00+05:30,2022-04-11 14:40:00+05:30,273.55,272.7017857142857,275.0767857142858,-0.8482,L
S404,WIPRO,2022-04-12 10:00:00+05:30,-0.3705,-0.3918,0,,2.049,72.73,-0.9548,0,0.3457,1.0,9,0,0,1,0,9,10,2022-04-12 10:45:00+05:30,2022-04-12 10:50:00+05:30,2022-04-12 12:50:00+05:30,269.5,266.8035714285714,274.35357142857146,-2.6964,L
S405,WIPRO,2022-04-12 10:55:00+05:30,-0.2879,-0.3719,0,,0.8253,57.14,-0.6859,0,0.6573,1.0,8,1,1,1,0,8,9,2022-04-12 11:35:00+05:30,2022-04-12 11:40:00+05:30,2022-04-12 12:40:00+05:30,269.05,267.6035714285714,271.65357142857147,-1.4464,L
S406,WIPRO,2022-04-12 12:00:00+05:30,0.0335,-0.0372,4,3.0,0.3706,66.67,-0.5556,0,0.6467,1.0,1,1,0,0,0,1,2,2022-04-12 12:05:00+05:30,2022-04-12 12:10:00+05:30,2022-04-12 12:25:00+05:30,269.05,268.29107142857146,270.41607142857146,-0.7589,L
S407,WIPRO,2022-04-12 13:15:00+05:30,-0.1725,-0.1397,0,,3.042,0.0,-0.9432,0,0.6098,0.0,9,1,1,1,0,9,10,2022-04-12 14:00:00+05:30,2022-04-12 14:05:00+05:30,2022-04-12 15:00:00+05:30,267.5,266.05357142857144,270.1035714285714,0.6,EOD+
S408,WIPRO,2022-04-13 09:15:00+05:30,,,0,,0.3228,77.27,-0.5181,0,4.5488,,0,0,0,0,1,0,1,2022-04-13 09:15:00+05:30,2022-04-13 09:20:00+05:30,2022-04-13 12:30:00+05:30,269.25,267.6428571428571,272.14285714285717,-1.6071,L
S409,WIPRO,2022-04-13 10:00:00+05:30,0.0615,0.1314,8,5.0,0.3668,43.75,0.374,0,0.6583,,0,0,0,0,1,0,1,2022-04-13 10:00:00+05:30,2022-04-13 10:05:00+05:30,2022-04-13 12:45:00+05:30,268.75,266.5178571428571,272.76785714285717,-2.2321,L
S410,WIPRO,2022-04-13 10:15:00+05:30,0.0633,0.0615,2,2.0,0.0088,33.33,12.3333,0,0.3046,,0,1,0,0,1,0,1,2022-04-13 10:15:00+05:30,2022-04-13 10:20:00+05:30,2022-04-13 12:45:00+05:30,268.65,266.5071428571428,272.50714285714287,-2.1429,L
S411,WIPRO,2022-04-13 10:25:00+05:30,0.0838,0.055,1,1.0,0.2923,45.45,0.4815,0,0.3174,,0,0,0,1,1,0,1,2022-04-13 10:25:00+05:30,2022-04-13 10:30:00+05:30,2022-04-13 12:45:00+05:30,268.6,266.86785714285713,271.71785714285716,-1.7321,L
S412,WIPRO,2022-04-13 10:35:00+05:30,0.0921,0.0754,0,,0.6407,22.22,-1.0,0,0.782,1.0,8,1,1,1,0,8,9,2022-04-13 11:15:00+05:30,2022-04-13 11:20:00+05:30,2022-04-13 12:45:00+05:30,268.75,267.16964285714283,271.5946428571429,-1.5804,L
S413,WIPRO,2022-04-13 11:40:00+05:30,0.0037,-0.0577,4,3.0,0.2779,66.67,-0.6296,0,1.0234,0.0,1,0,0,1,0,1,2,2022-04-13 11:45:00+05:30,2022-04-13 11:50:00+05:30,2022-04-13 12:30:00+05:30,268.85,267.63571428571436,271.0357142857143,-1.2143,L
S414,WIPRO,2022-04-13 12:00:00+05:30,-0.0009,0.0196,2,2.0,0.0943,28.57,2.1579,0,0.567,,0,1,0,0,1,0,1,2022-04-13 12:00:00+05:30,2022-04-13 12:05:00+05:30,2022-04-13 12:45:00+05:30,268.65,267.3910714285714,270.9160714285714,-1.2589,L
S415,WIPRO,2022-04-13 12:50:00+05:30,-0.1053,0.0009,0,,4.881,16.0,-0.7506,0,0.2718,0.0,9,0,0,0,0,9,10,2022-04-13 13:35:00+05:30,2022-04-13 13:40:00+05:30,2022-04-13 15:00:00+05:30,267.45,265.8071428571428,270.40714285714284,-0.3,EOD-
S416,WIPRO,2022-04-13 13:45:00+05:30,-0.1488,-0.1542,0,,0.6682,50.0,-0.7884,0,0.1554,0.0,3,0,0,0,0,3,4,2022-04-13 14:00:00+05:30,2022-04-13 14:05:00+05:30,2022-04-13 15:00:00+05:30,267.15,265.38214285714287,270.3321428571428,0.0,EOD-
S417,WIPRO,2022-04-13 14:25:00+05:30,-0.0215,-0.073,3,2.0,0.755,28.57,0.0596,0,0.455,,0,0,0,1,1,0,1,2022-04-13 14:25:00+05:30,2022-04-13 14:30:00+05:30,2022-04-13 15:00:00+05:30,267.05,265.8,269.3,0.1,EOD+
S418,WIPRO,2022-04-18 12:30:00+05:30,-0.1999,-0.1589,0,,2.3926,0.0,-0.7122,0,1.0205,1.0,9,1,1,0,0,9,10,2022-04-18 13:15:00+05:30,2022-04-18 13:20:00+05:30,2022-04-18 15:00:00+05:30,257.5,256.4107142857143,259.46071428571423,0.3,EOD+
S419,WIPRO,2022-04-18 14:15:00+05:30,0.0787,0.034,11,10.0,0.0,100.0,,1,0.9921,,0,1,0,1,1,0,1,2022-04-18 14:15:00+05:30,2022-04-18 14:20:00+05:30,2022-04-18 15:00:00+05:30,257.8,256.57678571428573,260.00178571428575,0.0,EOD-
S420,WIPRO,2022-04-18 14:30:00+05:30,0.0864,0.0787,2,2.0,0.1709,30.0,1.5806,0,1.2467,,0,0,0,0,1,0,1,2022-04-18 14:30:00+05:30,2022-04-18 14:35:00+05:30,2022-04-18 15:00:00+05:30,257.6,256.46607142857147,259.6410714285715,0.2,EOD+
S421,WIPRO,2022-04-19 09:20:00+05:30,,,1,1.0,0.4215,10.0,1.4348,0,1.4092,,0,0,0,0,1,0,1,2022-04-19 09:20:00+05:30,2022-04-19 09:25:00+05:30,2022-04-19 12:50:00+05:30,258.1,256.39464285714286,261.16964285714295,-1.7054,L
S422,WIPRO,2022-04-19 09:30:00+05:30,,,0,,0.7313,67.86,-0.7436,0,0.621,0.0,3,1,0,0,0,3,4,2022-04-19 09:45:00+05:30,2022-04-19 09:50:00+05:30,2022-04-19 15:00:00+05:30,257.7,255.69999999999996,261.3,-2.0,L
S423,WIPRO,2022-04-19 09:55:00+05:30,-0.0213,-0.0146,0,,0.0346,60.0,2.3333,0,0.22,,0,1,0,1,1,0,1,2022-04-19 09:55:00+05:30,2022-04-19 10:00:00+05:30,2022-04-19 15:00:00+05:30,257.85,255.68035714285716,261.7553571428572,-2.1696,L
S424,WIPRO,2022-04-19 12:40:00+05:30,-0.0651,-0.1039,0,,2.5612,100.0,-1.0,0,0.769,0.0,9,0,0,0,0,9,10,2022-04-19 13:25:00+05:30,2022-04-19 13:30:00+05:30,2022-04-19 14:55:00+05:30,256.9,256.14107142857137,258.2660714285714,-0.7589,L
S425,WIPRO,2022-04-19 13:35:00+05:30,-0.0769,-0.1334,0,,0.7764,11.11,0.1475,0,0.4858,,0,0,0,1,1,0,1,2022-04-19 13:35:00+05:30,2022-04-19 13:40:00+05:30,2022-04-19 14:55:00+05:30,256.8,255.81785714285718,258.5678571428571,-0.9821,L
S426,WIPRO,2022-04-19 13:45:00+05:30,-0.0399,-0.0964,0,,0.0921,0.0,1.6667,0,0.4136,,0,1,0,1,1,0,1,2022-04-19 13:45:00+05:30,2022-04-19 13:50:00+05:30,2022-04-19 14:55:00+05:30,256.8,255.7821428571429,258.6321428571428,-1.0179,L
S427,WIPRO,2022-04-19 13:55:00+05:30,-0.0263,-0.0565,0,,0.2669,50.0,0.7778,0,0.7218,,0,1,0,1,1,0,1,2022-04-19 13:55:00+05:30,2022-04-19 14:00:00+05:30,2022-04-19 15:00:00+05:30,256.8,255.7464285714286,258.69642857142856,-1.0536,L
S428,WIPRO,2022-04-20 09:15:00+05:30,,,0,,1.438,6.67,0.2442,0,2.7225,,0,1,1,0,1,0,1,2022-04-20 09:15:00+05:30,2022-04-20 09:20:00+05:30,2022-04-20 15:00:00+05:30,256.1,253.30535714285716,261.1303571428571,-0.15,EOD-
S429,WIPRO,2022-04-20 10:00:00+05:30,0.0059,0.0342,8,7.0,0.0593,14.29,7.125,0,0.4367,,0,0,0,0,1,0,1,2022-04-20 10:00:00+05:30,2022-04-20 10:05:00+05:30,2022-04-20 15:00:00+05:30,256.5,253.125,262.575,-0.55,EOD-
S430,WIPRO,2022-04-20 10:50:00+05:30,0.3833,0.2175,9,2.0,0.2869,16.67,-0.5604,0,0.4267,1.0,4,0,0,0,0,4,5,2022-04-20 11:10:00+05:30,2022-04-20 11:15:00+05:30,2022-04-20 13:15:00+05:30,257.3,255.31785714285715,260.86785714285713,-1.9821,L
S431,WIPRO,2022-04-20 11:25:00+05:30,-0.0234,0.0506,2,2.0,0.1761,100.0,-1.0,0,0.4857,0.0,1,0,0,1,0,1,2,2022-04-20 11:30:00+05:30,2022-04-20 11:35:00+05:30,2022-04-20 13:15:00+05:30,257.0,255.54464285714283,259.6196428571429,-1.4554,L
S432,WIPRO,2022-04-20 11:40:00+05:30,0.0107,-0.0234,0,,0.7248,85.71,-1.0,0,0.6921,1.0,6,1,0,1,0,6,7,2022-04-20 12:10:00+05:30,2022-04-20 12:15:00+05:30,2022-04-20 13:15:00+05:30,257.1,255.84107142857144,259.3660714285715,-1.2589,L
S433,WIPRO,2022-04-21 10:10:00+05:30,0.1992,0.2121,11,4.0,0.006,0.0,119.0,0,1.4699,,0,1,0,1,1,0,1,2022-04-21 10:10:00+05:30,2022-04-21 10:15:00+05:30,2022-04-21 15:00:00+05:30,257.9,255.8285714285714,261.62857142857143,0.0,EOD-
S434,WIPRO,2022-04-21 10:30:00+05:30,0.1698,0.1943,2,2.0,0.092,66.67,0.4286,0,0.3688,,0,1,0,0,1,0,1,2022-04-21 10:30:00+05:30,2022-04-21 10:35:00+05:30,2022-04-21 15:00:00+05:30,257.7,255.7982142857143,261.12321428571425,0.2,EOD+
S435,WIPRO,2022-04-21 10:40:00+05:30,0.161,0.1766,0,,0.4523,14.29,-0.3651,0,2.4267,1.0,2,1,0,1,0,2,3,2022-04-21 10:50:00+05:30,2022-04-21 10:55:00+05:30,2022-04-21 15:00:00+05:30,258.1,256.3589285714286,261.2339285714286,-0.2,EOD-
S436,WIPRO,2022-04-21 11:45:00+05:30,0.031,0.0784,9,4.0,0.1425,42.86,2.4783,0,0.3414,,0,1,1,1,1,0,1,2022-04-21 11:45:00+05:30,2022-04-21 11:50:00+05:30,2022-04-21 14:45:00+05:30,258.5,257.49107142857144,260.31607142857143,-1.0089,L
S437,WIPRO,2022-04-21 12:05:00+05:30,0.0455,0.0348,3,3.0,0.0,0.0,,1,0.1831,,0,0,0,1,1,0,1,2022-04-21 12:05:00+05:30,2022-04-21 12:10:00+05:30,2022-04-21 14:40:00+05:30,258.4,257.56964285714287,259.8946428571428,-0.8304,L
S438,WIPRO,2022-04-21 12:15:00+05:30,0.0445,0.0339,0,,0.9489,40.0,-0.5082,0,0.7789,1.0,3,1,1,0,0,3,4,2022-04-21 12:30:00+05:30,2022-04-21 12:35:00+05:30,2022-04-21 14:40:00+05:30,258.55,257.74642857142857,259.99642857142857,-0.8036,L
S439,WIPRO,2022-04-21 12:40:00+05:30,0.0406,0.0571,0,,0.4597,0.0,0.3636,0,0.3317,,0,1,0,1,1,0,1,2022-04-21 12:40:00+05:30,2022-04-21 12:45:00+05:30,2022-04-21 14:00:00+05:30,258.55,257.95178571428573,259.62678571428575,-0.5982,L
S440,WIPRO,2022-04-21 12:50:00+05:30,0.0155,0.0484,0,,1.607,63.64,-0.5092,0,0.7437,0.0,3,1,0,1,0,3,4,2022-04-21 13:05:00+05:30,2022-04-21 13:10:00+05:30,2022-04-21 14:05:00+05:30,258.5,257.86607142857144,259.6410714285714,-0.6339,L
S441,WIPRO,2022-04-21 13:20:00+05:30,-0.0145,-0.0232,1,1.0,0.0473,16.67,3.0,0,1.1535,,0,1,0,1,1,0,1,2022-04-21 13:20:00+05:30,2022-04-21 13:25:00+05:30,2022-04-21 14:05:00+05:30,258.5,257.8392857142857,259.68928571428575,-0.6607,L
S442,WIPRO,2022-04-21 13:35:00+05:30,0.0048,-0.0145,1,1.0,0.0737,20.0,4.0,0,1.0755,,0,1,0,0,1,0,1,2022-04-21 13:35:00+05:30,2022-04-21 13:40:00+05:30,2022-04-21 14:05:00+05:30,258.55,257.87142857142857,259.7714285714286,-0.6786,L
S443,WIPRO,2022-04-22 09:15:00+05:30,,,0,,6.2759,78.57,-0.9359,0,1.5866,0.0,5,0,0,1,0,5,6,2022-04-22 09:40:00+05:30,2022-04-22 09:45:00+05:30,2022-04-22 10:00:00+05:30,258.1,256.5464285714286,260.8964285714286,-1.5536,L
S444,WIPRO,2022-04-22 09:55:00+05:30,-0.0544,-0.1642,2,2.0,0.4059,80.0,-0.8802,0,0.6031,0.0,1,1,0,0,0,1,2,2022-04-22 10:00:00+05:30,2022-04-22 10:05:00+05:30,2022-04-22 15:00:00+05:30,257.2,254.6285714285714,261.8285714285714,-0.5,EOD-
S445,WIPRO,2022-04-22 10:10:00+05:30,-0.0457,-0.0544,0,,0.0161,0.0,16.1429,0,0.2498,,0,1,1,1,1,0,1,2022-04-22 10:10:00+05:30,2022-04-22 10:15:00+05:30,2022-04-22 15:00:00+05:30,257.5,254.78571428571428,262.3857142857143,-0.8,EOD-
S446,WIPRO,2022-04-22 10:45:00+05:30,-0.001,-0.0136,5,3.0,0.062,66.67,1.3529,0,0.4481,,0,0,0,1,1,0,1,2022-04-22 10:45:00+05:30,2022-04-22 10:50:00+05:30,2022-04-22 15:00:00+05:30,257.2,255.48571428571427,260.2857142857143,-0.5,EOD-
S447,WIPRO,2022-04-22 10:55:00+05:30,0.0398,0.0019,0,,0.511,40.0,-0.8319,0,0.413,1.0,2,0,0,1,0,2,3,2022-04-22 11:05:00+05:30,2022-04-22 11:10:00+05:30,2022-04-22 13:20:00+05:30,257.6,256.14464285714286,260.2196428571429,-1.4554,L
S448,WIPRO,2022-04-22 11:15:00+05:30,0.1757,0.0816,0,,0.4096,12.5,0.2658,0,0.4312,,0,0,0,0,1,0,1,2022-04-22 11:15:00+05:30,2022-04-22 11:20:00+05:30,2022-04-22 13:05:00+05:30,257.6,256.39464285714286,259.76964285714286,-1.2054,L
S449,WIPRO,2022-04-22 11:25:00+05:30,0.0418,0.1369,0,,0.5944,57.14,-1.0,0,0.4813,0.0,4,0,0,1,0,4,5,2022-04-22 11:45:00+05:30,2022-04-22 11:50:00+05:30,2022-04-22 13:05:00+05:30,257.4,256.275,259.42499999999995,-1.125,L
S450,WIPRO,2022-04-22 11:55:00+05:30,0.0068,-0.0262,0,,0.889,72.73,-0.5276,0,1.093,,0,0,0,0,1,0,1,2022-04-22 11:55:00+05:30,2022-04-22 12:00:00+05:30,2022-04-22 13:00:00+05:30,257.7,256.8071428571429,259.3071428571428,-0.8929,L
S451,WIPRO,2022-04-22 12:05:00+05:30,-0.0175,0.0019,1,1.0,0.658,72.73,-1.0,0,0.6385,0.0,2,1,0,1,0,2,3,2022-04-22 12:15:00+05:30,2022-04-22 12:20:00+05:30,2022-04-22 13:05:00+05:30,257.4,256.50714285714287,259.0071428571428,-0.8929,L
S452,WIPRO,2022-04-22 12:25:00+05:30,-0.035,-0.033,1,1.0,0.2517,75.0,0.25,0,0.7929,,0,0,0,1,1,0,1,2022-04-22 12:25:00+05:30,2022-04-22 12:30:00+05:30,2022-04-22 13:00:00+05:30,257.4,256.60535714285714,258.8303571428571,-0.7946,L
S453,WIPRO,2022-04-22 12:50:00+05:30,-0.0019,0.001,0,,0.837,50.0,-0.6364,0,1.1556,1.0,9,0,0,0,0,9,10,2022-04-22 13:35:00+05:30,2022-04-22 13:40:00+05:30,2022-04-22 14:00:00+05:30,257.1,256.27857142857147,258.5785714285714,-0.8214,L
S454,WIPRO,2022-04-22 13:45:00+05:30,-0.0486,-0.0729,0,,0.9618,16.67,-0.2899,0,0.3816,0.0,1,1,0,1,0,1,2,2022-04-22 13:50:00+05:30,2022-04-22 13:55:00+05:30,2022-04-22 15:00:00+05:30,257.05,255.95178571428573,259.0267857142857,-0.35,EOD-
S455,WIPRO,2022-04-22 14:00:00+05:30,-0.0438,-0.0486,0,,1.5556,75.0,-0.6667,0,0.6608,0.0,4,0,0,0,0,4,5,2022-04-22 14:20:00+05:30,2022-04-22 14:25:00+05:30,2022-04-22 15:00:00+05:30,256.85,255.64464285714286,259.0196428571429,-0.15,EOD-
S456,WIPRO,2022-04-25 10:15:00+05:30,-0.4326,-0.4825,0,,1.8132,0.0,-0.866,0,0.5554,1.0,9,1,0,1,0,9,10,2022-04-25 11:00:00+05:30,2022-04-25 11:05:00+05:30,2022-04-25 15:00:00+05:30,251.6,249.02857142857144,256.2285714285714,2.0,EOD+
S457,WIPRO,2022-04-25 11:15:00+05:30,-0.0497,-0.3776,1,1.0,0.204,11.11,2.1818,0,0.7169,,0,0,0,0,1,0,1,2022-04-25 11:15:00+05:30,2022-04-25 11:20:00+05:30,2022-04-25 15:00:00+05:30,251.8,250.45178571428573,254.2267857142857,1.8,EOD+
S458,WIPRO,2022-04-25 11:25:00+05:30,-0.0119,-0.164,0,,0.0709,71.43,1.6667,0,0.3979,,0,0,0,1,1,0,1,2022-04-25 11:25:00+05:30,2022-04-25 11:30:00+05:30,2022-04-25 15:00:00+05:30,251.6,250.27857142857144,253.97857142857143,2.0,EOD+
S459,WIPRO,2022-04-25 11:35:00+05:30,-0.002,-0.0348,0,,0.1259,50.0,0.6,0,0.6115,,0,0,0,1,1,0,1,2022-04-25 11:35:00+05:30,2022-04-25 11:40:00+05:30,2022-04-25 14:05:00+05:30,251.65,250.4089285714286,253.88392857142858,2.2339,W
S460,WIPRO,2022-04-25 11:45:00+05:30,-0.0179,0.001,0,,0.1586,100.0,-1.0,0,0.9605,,0,1,0,0,1,0,1,2022-04-25 11:45:00+05:30,2022-04-25 11:50:00+05:30,2022-04-25 14:05:00+05:30,251.75,250.60714285714286,253.80714285714285,2.0571,W
S461,WIPRO,2022-04-25 12:20:00+05:30,0.0805,0.0199,6,3.0,0.3,50.0,-1.0,0,0.8924,0.0,1,0,0,1,0,1,2,2022-04-25 12:25:00+05:30,2022-04-25 12:30:00+05:30,2022-04-25 14:05:00+05:30,251.75,250.75,253.54999999999998,1.8,W
S462,WIPRO,2022-04-25 12:35:00+05:30,0.0784,0.0805,0,,0.0264,66.67,-1.0,0,0.6142,,0,0,0,1,1,0,1,2022-04-25 12:35:00+05:30,2022-04-25 12:40:00+05:30,2022-04-25 14:05:00+05:30,251.85,250.90357142857144,253.55357142857142,1.7036,W
S463,WIPRO,2022-04-25 12:50:00+05:30,0.0407,0.0784,1,1.0,0.1223,62.5,2.3333,0,0.7443,,0,0,1,0,1,0,1,2022-04-25 12:50:00+05:30,2022-04-25 12:55:00+05:30,2022-04-25 14:05:00+05:30,251.95,251.03035714285713,253.60535714285712,1.6554,W
S464,WIPRO,2022-04-25 13:00:00+05:30,0.0169,0.0467,0,,0.15,50.0,-1.0,0,0.7552,,0,1,1,1,1,0,1,2022-04-25 13:00:00+05:30,2022-04-25 13:05:00+05:30,2022-04-25 14:05:00+05:30,251.95,251.075,253.52499999999998,1.575,W
S465,WIPRO,2022-04-25 13:10:00+05:30,0.0357,0.0288,1,1.0,0.0733,21.43,13.5455,0,1.5989,,0,0,0,0,1,0,1,2022-04-25 13:10:00+05:30,2022-04-25 13:15:00+05:30,2022-04-25 15:00:00+05:30,252.4,251.4625,254.0875,1.2,EOD+
S466,WIPRO,2022-04-25 13:20:00+05:30,0.0566,0.0248,1,1.0,0.112,0.0,5.25,0,0.8143,,0,1,0,1,1,0,1,2022-04-25 13:20:00+05:30,2022-04-25 13:25:00+05:30,2022-04-25 14:05:00+05:30,252.15,251.25714285714287,253.75714285714287,1.6071,W
S467,WIPRO,2022-04-25 14:20:00+05:30,0.1327,0.1209,10,3.0,0.0209,27.27,29.0,0,0.9222,,0,1,0,0,1,0,1,2022-04-25 14:20:00+05:30,2022-04-25 14:25:00+05:30,2022-04-25 15:00:00+05:30,252.75,251.55357142857142,254.90357142857144,0.85,EOD+
S468,WIPRO,2022-04-26 10:20:00+05:30,0.1944,0.2339,13,13.0,0.0029,33.33,19.0,0,0.4547,,0,0,1,1,1,0,1,2022-04-26 10:20:00+05:30,2022-04-26 10:25:00+05:30,2022-04-26 15:00:00+05:30,254.9,252.75714285714287,258.75714285714287,-1.8,EOD-
S469,WIPRO,2022-04-26 10:30:00+05:30,0.1619,0.2033,0,,0.7618,40.0,-0.5676,0,0.7177,1.0,6,1,0,1,0,6,7,2022-04-26 11:00:00+05:30,2022-04-26 11:05:00+05:30,2022-04-26 14:40:00+05:30,255.2,253.68214285714285,257.9321428571428,-1.5179,L
S470,WIPRO,2022-04-26 11:35:00+05:30,-0.0039,-0.0294,6,5.0,0.1625,70.0,1.3077,0,0.8398,,0,0,0,0,1,0,1,2022-04-26 11:35:00+05:30,2022-04-26 11:40:00+05:30,2022-04-26 12:45:00+05:30,255.45,254.45000000000002,257.24999999999994,-1.0,L
S471,WIPRO,2022-04-26 11:45:00+05:30,0.0088,-0.0147,0,,0.1606,50.0,1.4,0,0.4287,,0,1,0,1,1,0,1,2022-04-26 11:45:00+05:30,2022-04-26 11:50:00+05:30,2022-04-26 14:20:00+05:30,255.0,254.02678571428572,256.7517857142857,-0.9732,L
S472,WIPRO,2022-04-26 12:00:00+05:30,0.0206,0.0088,1,1.0,0.4303,77.78,-0.403,0,0.5214,0.0,2,1,0,1,0,2,3,2022-04-26 12:10:00+05:30,2022-04-26 12:15:00+05:30,2022-04-26 14:20:00+05:30,255.2,254.2267857142857,256.9517857142857,-0.9732,L
S473,WIPRO,2022-04-26 12:25:00+05:30,0.0588,0.0372,1,1.0,0.4188,0.0,1.9851,0,1.0846,,0,0,0,0,1,0,1,2022-04-26 12:25:00+05:30,2022-04-26 12:30:00+05:30,2022-04-26 12:45:00+05:30,255.5,254.5,257.3,-1.0,L
S474,WIPRO,2022-04-26 13:05:00+05:30,-0.0813,-0.0264,0,,1.5593,33.33,-0.781,0,0.6881,1.0,9,0,0,0,0,9,10,2022-04-26 13:50:00+05:30,2022-04-26 13:55:00+05:30,2022-04-26 14:25:00+05:30,254.9,253.80178571428573,256.8767857142857,-1.0982,L
S475,WIPRO,2022-04-26 14:00:00+05:30,-0.0432,-0.0441,0,,0.2513,50.0,0.4286,0,0.9571,,0,0,0,1,1,0,1,2022-04-26 14:00:00+05:30,2022-04-26 14:05:00+05:30,2022-04-26 14:20:00+05:30,254.8,254.10357142857143,256.05357142857144,-0.6964,L
S476,WIPRO,2022-04-26 14:10:00+05:30,-0.055,-0.0432,0,,0.0592,83.33,-1.0,0,0.8411,,0,1,1,1,1,0,1,2022-04-26 14:10:00+05:30,2022-04-26 14:15:00+05:30,2022-04-26 14:20:00+05:30,255.0,254.36607142857142,256.1410714285714,-0.6339,L
S477,WIPRO,2022-04-27 10:15:00+05:30,-0.6478,-0.5874,0,,3.4214,40.0,-0.9856,0,0.6168,0.0,9,1,0,0,0,9,10,2022-04-27 11:00:00+05:30,2022-04-27 11:05:00+05:30,2022-04-27 15:00:00+05:30,248.0,245.45535714285714,252.58035714285714,-0.15,EOD-
S478,WIPRO,2022-04-27 11:30:00+05:30,-0.0485,-0.1586,5,3.0,0.1933,9.09,2.1111,0,0.8559,,0,1,0,0,1,0,1,2022-04-27 11:30:00+05:30,2022-04-27 11:35:00+05:30,2022-04-27 15:00:00+05:30,247.65,246.19464285714287,250.26964285714286,0.2,EOD+
S479,WIPRO,2022-04-27 11:50:00+05:30,0.0222,-0.0333,3,3.0,0.1362,12.5,3.1379,0,0.4849,,0,0,0,1,1,0,1,2022-04-27 11:50:00+05:30,2022-04-27 11:55:00+05:30,2022-04-27 15:00:00+05:30,247.75,246.41964285714286,250.14464285714288,0.1,EOD+
S480,WIPRO,2022-04-27 12:35:00+05:30,0.0111,0.0706,0,,1.1455,85.71,-0.899,0,1.3359,1.0,9,1,0,1,0,9,10,2022-04-27 13:20:00+05:30,2022-04-27 13:25:00+05:30,2022-04-27 15:00:00+05:30,247.65,246.56964285714287,249.59464285714287,0.2,EOD+
S481,WIPRO,2022-04-27 13:40:00+05:30,0.004,-0.0647,3,2.0,0.3278,85.71,-0.322,0,1.3695,0.0,1,0,0,0,0,1,2,2022-04-27 13:45:00+05:30,2022-04-27 13:50:00+05:30,2022-04-27 15:00:00+05:30,247.8,246.67499999999998,249.82500000000005,0.05,EOD+
S482,WIPRO,2022-04-27 14:00:00+05:30,0.0222,0.0233,2,1.0,0.6089,72.73,-0.5276,0,1.4572,0.0,2,0,0,0,0,2,3,2022-04-27 14:10:00+05:30,2022-04-27 14:15:00+05:30,2022-04-27 15:00:00+05:30,247.45,246.14642857142854,249.79642857142858,0.4,EOD+
S483,WIPRO,2022-04-27 14:20:00+05:30,-0.0061,0.0273,0,,0.3027,33.33,0.25,0,0.9356,,0,1,0,0,1,0,1,2022-04-27 14:20:00+05:30,2022-04-27 14:25:00+05:30,2022-04-27 15:00:00+05:30,247.45,246.1285714285714,249.82857142857142,0.4,EOD+
S484,WIPRO,2022-04-28 09:15:00+05:30,,,0,,0.7286,38.71,2.7255,0,3.4652,,0,0,0,0,1,0,1,2022-04-28 09:15:00+05:30,2022-04-28 09:20:00+05:30,2022-04-28 09:50:00+05:30,249.2,247.45,252.35,-1.75,L
S485,WIPRO,2022-04-28 10:35:00+05:30,-0.0938,-0.0857,0,,1.9101,100.0,-1.0,0,1.1419,1.0,9,1,1,1,0,9,10,2022-04-28 11:20:00+05:30,2022-04-28 11:25:00+05:30,2022-04-28 13:35:00+05:30,247.5,246.34821428571428,249.57321428571427,2.0732,W
S486,WIPRO,2022-04-28 13:25:00+05:30,0.0734,0.1518,24,3.0,0.3073,0.0,1.7778,0,0.8551,,0,1,0,0,1,0,1,2022-04-28 13:25:00+05:30,2022-04-28 13:30:00+05:30,2022-04-28 13:55:00+05:30,248.9,248.16785714285717,250.21785714285713,1.3179,W
S487,WIPRO,2022-04-29 12:15:00+05:30,-0.1027,-0.0386,0,,2.5529,46.67,-0.8157,0,1.0327,0.0,9,1,0,1,0,9,10,2022-04-29 13:00:00+05:30,2022-04-29 13:05:00+05:30,2022-04-29 14:00:00+05:30,245.75,244.6875,247.66250000000002,-1.0625,L
S488,WIPRO,2022-04-29 13:15:00+05:30,-0.0122,-0.0764,2,1.0,0.3216,20.0,0.9608,0,0.7648,,0,0,0,0,1,0,1,2022-04-29 13:15:00+05:30,2022-04-29 13:20:00+05:30,2022-04-29 14:00:00+05:30,245.5,244.50892857142856,247.2839285714286,-0.9911,L
S489,WIPRO,2022-04-29 13:25:00+05:30,-0.0031,-0.0255,0,,0.1842,50.0,0.6,0,0.5436,,0,1,0,1,1,0,1,2022-04-29 13:25:00+05:30,2022-04-29 13:30:00+05:30,2022-04-29 14:00:00+05:30,245.45,244.6017857142857,246.9767857142857,-0.8482,L
S490,WIPRO,2022-04-29 13:35:00+05:30,-0.0234,0.0,0,,0.9429,60.0,-0.3939,0,1.4077,1.0,1,0,0,1,0,1,2,2022-04-29 13:40:00+05:30,2022-04-29 13:45:00+05:30,2022-04-29 14:00:00+05:30,245.45,244.575,247.025,-0.875,L
S491,WIPRO,2022-05-02 10:35:00+05:30,-0.7647,-0.8615,0,,2.1143,28.57,-0.9228,0,0.6843,1.0,9,1,0,0,0,9,10,2022-05-02 11:20:00+05:30,2022-05-02 11:25:00+05:30,2022-05-02 15:00:00+05:30,236.85,233.7875,242.36249999999998,0.4,EOD+
S492,WIPRO,2022-05-02 13:10:00+05:30,-0.0899,-0.0338,0,,1.3037,33.33,-0.803,0,0.8305,1.0,9,0,1,1,0,9,10,2022-05-02 13:55:00+05:30,2022-05-02 14:00:00+05:30,2022-05-02 15:00:00+05:30,236.25,235.27678571428572,238.0017857142857,1.0,EOD+
S493,WIPRO,2022-05-02 14:05:00+05:30,-0.0455,-0.0392,0,,0.9765,71.43,-0.823,0,0.9995,1.0,3,0,0,0,0,3,4,2022-05-02 14:20:00+05:30,2022-05-02 14:25:00+05:30,2022-05-02 15:00:00+05:30,236.0,235.27678571428572,237.3017857142857,1.3018,W
S494,WIPRO,2022-05-02 14:30:00+05:30,-0.0318,-0.0551,0,,0.7753,25.0,-0.2233,0,1.0171,,0,0,0,1,1,0,1,2022-05-02 14:30:00+05:30,2022-05-02 14:35:00+05:30,2022-05-02 15:00:00+05:30,236.1,235.26964285714286,237.59464285714284,1.4946,W
S495,WIPRO,2022-05-04 09:15:00+05:30,,,0,,0.1713,48.15,11.1739,0,1.9555,,0,1,0,0,1,0,1,2022-05-04 09:15:00+05:30,2022-05-04 09:20:00+05:30,2022-05-04 09:30:00+05:30,237.7,236.02142857142857,240.72142857142856,3.0214,W
S496,WIPRO,2022-05-04 11:30:00+05:30,-0.2137,-0.2303,0,,0.8867,0.0,-0.1813,0,0.6137,0.0,9,1,0,1,0,9,10,2022-05-04 12:15:00+05:30,2022-05-04 12:20:00+05:30,2022-05-04 14:05:00+05:30,237.25,236.04464285714283,239.4196428571429,-1.2054,L
S497,WIPRO,2022-05-04 12:35:00+05:30,0.0105,-0.0295,2,2.0,0.7341,73.33,-0.3798,0,0.6293,1.0,2,0,0,0,0,2,3,2022-05-04 12:45:00+05:30,2022-05-04 12:50:00+05:30,2022-05-04 14:05:00+05:30,237.15,236.05178571428573,239.12678571428572,-1.0982,L
S498,WIPRO,2022-05-04 12:55:00+05:30,0.0169,0.0179,0,,1.0409,11.11,-0.0643,0,0.4856,1.0,1,1,0,0,0,1,2,2022-05-04 13:00:00+05:30,2022-05-04 13:05:00+05:30,2022-05-04 14:05:00+05:30,237.35,236.32321428571427,239.1982142857143,-1.0268,L
S499,WIPRO,2022-05-04 13:10:00+05:30,0.0084,0.0169,0,,0.0771,33.33,5.1538,0,0.4474,,0,1,0,1,1,0,1,2022-05-04 13:10:00+05:30,2022-05-04 13:15:00+05:30,2022-05-04 14:05:00+05:30,237.3,236.24642857142857,239.1964285714286,-1.0536,L
S500,WIPRO,2022-05-04 13:30:00+05:30,0.0516,0.0148,3,1.0,0.2369,83.33,-0.0909,0,0.8066,0.0,2,0,0,1,0,2,3,2022-05-04 13:40:00+05:30,2022-05-04 13:45:00+05:30,2022-05-04 14:05:00+05:30,237.6,236.4392857142857,239.68928571428575,-1.1607,L
S501,WIPRO,2022-05-04 13:55:00+05:30,0.0579,0.0685,1,1.0,0.2238,50.0,0.0256,0,0.6511,,0,0,0,1,1,0,1,2022-05-04 13:55:00+05:30,2022-05-04 14:00:00+05:30,2022-05-04 14:05:00+05:30,237.4,236.31071428571428,239.3607142857143,-1.0893,L
S502,WIPRO,2022-05-04 14:05:00+05:30,-0.0148,0.059,0,,2.8037,72.0,-0.9469,0,1.2036,0.0,4,0,1,1,0,4,5,2022-05-04 14:25:00+05:30,2022-05-04 14:30:00+05:30,2022-05-04 14:35:00+05:30,237.6,235.92142857142858,240.62142857142857,-1.6786,L
S503,WIPRO,2022-05-05 10:40:00+05:30,0.349,0.3919,17,17.0,0.022,0.0,23.0,0,0.4508,,0,0,0,0,1,0,1,2022-05-05 10:40:00+05:30,2022-05-05 10:45:00+05:30,2022-05-05 14:50:00+05:30,238.1,236.68035714285713,240.65535714285713,2.5554,W
S504,WIPRO,2022-05-05 10:50:00+05:30,0.337,0.3734,0,,0.4219,60.0,-0.1209,0,0.449,,0,0,0,0,1,0,1,2022-05-05 10:50:00+05:30,2022-05-05 10:55:00+05:30,2022-05-05 15:00:00+05:30,238.35,237.00178571428572,240.7767857142857,1.45,EOD+
S505,WIPRO,2022-05-05 11:00:00+05:30,0.2026,0.3414,1,1.0,0.0739,60.0,1.6667,0,0.6969,,0,0,1,0,1,0,1,2022-05-05 11:00:00+05:30,2022-05-05 11:05:00+05:30,2022-05-05 15:00:00+05:30,238.6,237.33214285714286,240.88214285714284,1.2,EOD+
S506,WIPRO,2022-05-05 11:15:00+05:30,0.0252,0.2026,2,2.0,0.3918,90.91,-0.7333,0,0.354,0.0,1,1,1,1,0,1,2,2022-05-05 11:20:00+05:30,2022-05-05 11:25:00+05:30,2022-05-05 14:50:00+05:30,238.3,237.10357142857146,240.45357142857142,2.1536,W
S507,WIPRO,2022-05-05 11:40:00+05:30,0.0378,0.0357,0,,1.4481,0.0,-0.7786,0,0.4397,0.0,9,1,0,1,0,9,10,2022-05-05 12:25:00+05:30,2022-05-05 12:30:00+05:30,2022-05-05 14:50:00+05:30,238.2,237.03035714285713,240.3053571428571,2.1054,W
S508,WIPRO,2022-05-05 13:10:00+05:30,0.0451,0.0367,7,2.0,0.5419,75.0,-0.1667,0,1.7091,0.0,1,1,1,0,0,1,2,2022-05-05 13:15:00+05:30,2022-05-05 13:20:00+05:30,2022-05-05 14:50:00+05:30,238.5,237.66964285714286,239.99464285714285,1.4946,W
S509,WIPRO,2022-05-05 13:40:00+05:30,0.0608,0.0535,3,2.0,0.8064,100.0,-1.0,0,0.765,0.0,3,0,0,1,0,3,4,2022-05-05 13:55:00+05:30,2022-05-05 14:00:00+05:30,2022-05-05 14:50:00+05:30,238.6,237.48392857142858,240.60892857142858,2.0089,W
S510,WIPRO,2022-05-05 14:05:00+05:30,0.0304,0.0482,0,,1.2656,84.62,-1.0,0,0.8031,1.0,5,0,1,0,0,5,6,2022-05-05 14:30:00+05:30,2022-05-05 14:35:00+05:30,2022-05-05 15:00:00+05:30,238.6,237.25178571428572,241.02678571428572,1.2,EOD+
S511,WIPRO,2022-05-06 10:45:00+05:30,-0.8794,-0.8768,0,,1.4311,20.0,-0.8913,0,0.8844,1.0,9,0,0,0,0,9,10,2022-05-06 11:30:00+05:30,2022-05-06 11:35:00+05:30,2022-05-06 15:00:00+05:30,230.95,229.34285714285713,233.84285714285713,0.3,EOD+
S512,WIPRO,2022-05-06 11:40:00+05:30,-0.1472,-0.2033,0,,0.2028,0.0,0.9608,0,0.7866,,0,1,1,1,1,0,1,2022-05-06 11:40:00+05:30,2022-05-06 11:45:00+05:30,2022-05-06 15:00:00+05:30,231.2,229.6285714285714,234.02857142857144,0.05,EOD+
S513,WIPRO,2022-05-06 11:50:00+05:30,-0.0779,-0.1655,1,1.0,0.232,35.71,1.1429,0,0.8883,,0,0,0,0,1,0,1,2022-05-06 11:50:00+05:30,2022-05-06 11:55:00+05:30,2022-05-06 15:00:00+05:30,231.15,229.64107142857142,233.86607142857144,0.1,EOD+
S514,WIPRO,2022-05-06 12:00:00+05:30,-0.0346,-0.1169,0,,0.0778,37.5,3.2105,0,0.3989,,0,0,0,1,1,0,1,2022-05-06 12:00:00+05:30,2022-05-06 12:05:00+05:30,2022-05-06 15:00:00+05:30,231.3,229.7732142857143,234.04821428571432,-0.05,EOD-
S515,WIPRO,2022-05-06 12:10:00+05:30,-0.0303,-0.0595,0,,0.4849,20.0,-0.6522,0,2.664,1.0,4,0,0,0,0,4,5,2022-05-06 12:30:00+05:30,2022-05-06 12:35:00+05:30,2022-05-06 15:00:00+05:30,230.95,229.46785714285713,233.61785714285713,0.3,EOD+
S516,WIPRO,2022-05-06 12:40:00+05:30,-0.0195,-0.0693,0,,0.0718,84.62,1.5,0,1.4388,,0,1,0,0,1,0,1,2022-05-06 12:40:00+05:30,2022-05-06 12:45:00+05:30,2022-05-06 15:00:00+05:30,231.5,230.10714285714286,234.00714285714287,-0.25,EOD-
S517,WIPRO,2022-05-06 13:05:00+05:30,0.092,0.0628,4,3.0,0.4234,8.33,0.1881,0,0.7438,,0,0,0,1,1,0,1,2022-05-06 13:05:00+05:30,2022-05-06 13:10:00+05:30,2022-05-06 15:00:00+05:30,231.2,229.70892857142857,233.88392857142856,0.05,EOD+
S518,WIPRO,2022-05-06 13:15:00+05:30,0.0422,0.1006,0,,1.1815,27.78,-0.4521,0,0.7255,0.0,2,0,0,0,0,2,3,2022-05-06 13:25:00+05:30,2022-05-06 13:30:00+05:30,2022-05-06 15:00:00+05:30,231.25,229.70535714285714,234.03035714285716,0.0,EOD-
S519,WIPRO,2022-05-06 13:35:00+05:30,-0.0162,0.0162,0,,0.1674,30.0,-0.0909,0,0.4847,,0,0,0,1,1,0,1,2022-05-06 13:35:00+05:30,2022-05-06 13:40:00+05:30,2022-05-06 15:00:00+05:30,231.15,229.50714285714287,234.10714285714286,0.1,EOD+
S520,WIPRO,2022-05-09 09:15:00+05:30,,,0,,4.2742,64.15,-0.7132,0,1.6058,0.0,4,0,0,0,0,4,5,2022-05-09 09:35:00+05:30,2022-05-09 09:40:00+05:30,2022-05-09 15:00:00+05:30,230.85,228.9125,234.3375,0.35,EOD+
S521,WIPRO,2022-05-09 09:45:00+05:30,-0.0824,,0,,0.9442,51.72,-0.0805,0,1.3772,,0,1,0,1,1,0,1,2022-05-09 09:45:00+05:30,2022-05-09 09:50:00+05:30,2022-05-09 15:00:00+05:30,232.05,228.59464285714287,238.26964285714288,-0.85,EOD-
S522,WIPRO,2022-05-09 10:30:00+05:30,-0.0747,0.0844,0,,0.7821,66.67,-1.0,0,0.9723,1.0,9,1,0,0,0,9,10,2022-05-09 11:15:00+05:30,2022-05-09 11:20:00+05:30,2022-05-09 15:00:00+05:30,231.05,227.85357142857143,236.80357142857147,0.15,EOD+
S523,WIPRO,2022-05-09 13:00:00+05:30,0.2132,0.2415,19,3.0,0.0696,52.63,5.25,0,0.8629,,0,1,0,0,1,0,1,2022-05-09 13:00:00+05:30,2022-05-09 13:05:00+05:30,2022-05-09 14:00:00+05:30,232.75,231.3125,235.3375,-1.4375,L
S524,WIPRO,2022-05-09 13:30:00+05:30,0.1333,0.1571,5,3.0,0.7339,44.44,0.0256,0,1.1485,,0,0,0,0,1,0,1,2022-05-09 13:30:00+05:30,2022-05-09 13:35:00+05:30,2022-05-09 14:10:00+05:30,232.55,230.88928571428573,235.5392857142857,-1.6607,L
S525,WIPRO,2022-05-09 13:40:00+05:30,0.115,0.1452,0,,0.3481,44.44,0.1111,0,0.4391,,0,0,0,0,1,0,1,2022-05-09 13:40:00+05:30,2022-05-09 13:45:00+05:30,2022-05-09 14:00:00+05:30,232.85,231.23392857142858,235.75892857142856,-1.6161,L
S526,WIPRO,2022-05-09 13:50:00+05:30,0.1031,0.1172,0,,0.2842,42.86,-0.7015,0,0.511,,0,0,0,0,1,0,1,2022-05-09 13:50:00+05:30,2022-05-09 13:55:00+05:30,2022-05-09 14:00:00+05:30,232.75,231.27678571428572,235.4017857142857,-1.4732,L
S527,WIPRO,2022-05-10 10:00:00+05:30,-0.1669,-0.1353,0,,1.5656,78.57,-0.9629,0,0.72,0.0,9,0,1,1,0,9,10,2022-05-10 10:45:00+05:30,2022-05-10 10:50:00+05:30,2022-05-10 15:00:00+05:30,230.05,227.8982142857143,233.9232142857143,-0.9,EOD-
S528,WIPRO,2022-05-10 10:55:00+05:30,-0.1262,-0.1489,0,,0.9567,87.5,-1.0,0,0.5044,0.0,7,0,0,1,0,7,8,2022-05-10 11:30:00+05:30,2022-05-10 11:35:00+05:30,2022-05-10 14:55:00+05:30,229.75,228.67857142857142,231.67857142857142,-1.0714,L
S529,WIPRO,2022-05-10 11:40:00+05:30,-0.0338,-0.061,0,,0.6267,0.0,-0.3617,0,0.3355,0.0,2,1,0,1,0,2,3,2022-05-10 11:50:00+05:30,2022-05-10 11:55:00+05:30,2022-05-10 14:55:00+05:30,229.75,228.8125,231.43750000000003,-0.9375,L
S530,WIPRO,2022-05-10 12:30:00+05:30,0.0446,0.0511,6,6.0,0.0726,80.0,2.6364,0,1.1214,,0,1,0,0,1,0,1,2022-05-10 12:30:00+05:30,2022-05-10 12:35:00+05:30,2022-05-10 14:55:00+05:30,229.85,228.9035714285714,231.55357142857142,-0.9464,L
S531,WIPRO,2022-05-10 12:40:00+05:30,0.05,0.0533,0,,0.6054,22.22,0.4583,0,1.1899,,0,0,1,1,1,0,1,2022-05-10 12:40:00+05:30,2022-05-10 12:45:00+05:30,2022-05-10 14:25:00+05:30,230.1,229.10892857142858,231.88392857142856,-0.9911,L
S532,WIPRO,2022-05-10 12:50:00+05:30,0.0642,0.0413,0,,0.4103,50.0,0.1765,0,0.4976,,0,1,0,1,1,0,1,2022-05-10 12:50:00+05:30,2022-05-10 12:55:00+05:30,2022-05-10 14:25:00+05:30,230.15,229.11428571428573,232.01428571428573,-1.0357,L
S533,WIPRO,2022-05-10 13:15:00+05:30,0.0826,0.087,4,3.0,0.0289,60.0,4.0,0,0.7806,,0,0,0,1,1,0,1,2022-05-10 13:15:00+05:30,2022-05-10 13:20:00+05:30,2022-05-10 14:00:00+05:30,230.15,229.2839285714286,231.70892857142857,-0.8661,L
S534,WIPRO,2022-05-11 09:15:00+05:30,,,0,,0.5793,6.06,0.9444,0,2.2634,,0,0,0,0,1,0,1,2022-05-11 09:15:00+05:30,2022-05-11 09:20:00+05:30,2022-05-11 09:20:00+05:30,229.4,227.8464285714286,232.19642857142858,-1.5536,L
S535,WIPRO,2022-05-11 09:25:00+05:30,,,0,,1.2916,84.85,-1.0,0,1.1745,,0,0,0,0,1,0,1,2022-05-11 09:25:00+05:30,2022-05-11 09:30:00+05:30,2022-05-11 09:40:00+05:30,229.35,227.33214285714286,232.98214285714283,-2.0179,L
S536,WIPRO,2022-05-11 13:05:00+05:30,-0.2709,-0.2527,0,,2.9249,61.54,-1.0,0,0.6405,0.0,9,0,0,1,0,9,10,2022-05-11 13:50:00+05:30,2022-05-11 13:55:00+05:30,2022-05-11 15:00:00+05:30,223.7,222.04821428571427,226.6732142857143,0.35,EOD+
S537,WIPRO,2022-05-12 09:20:00+05:30,,,0,,2.1255,43.75,-0.7776,0,0.8966,0.0,9,0,0,0,0,9,10,2022-05-12 10:05:00+05:30,2022-05-12 10:10:00+05:30,2022-05-12 15:00:00+05:30,224.55,221.1125,230.7375,2.15,EOD+
S538,WIPRO,2022-05-12 11:15:00+05:30,0.2541,-0.0179,12,9.0,0.2751,14.29,1.5316,0,1.4389,,0,0,0,0,1,0,1,2022-05-12 11:15:00+05:30,2022-05-12 11:20:00+05:30,2022-05-12 15:00:00+05:30,224.7,222.90535714285713,227.93035714285716,2.0,EOD+
S539,WIPRO,2022-05-12 11:30:00+05:30,0.2603,0.2541,2,1.0,0.3259,58.33,-1.0,0,1.2068,1.0,1,1,0,0,0,1,2,2022-05-12 11:35:00+05:30,2022-05-12 11:40:00+05:30,2022-05-12 15:00:00+05:30,224.65,223.09642857142856,227.44642857142858,2.05,EOD+
S540,WIPRO,2022-05-12 11:45:00+05:30,0.1623,0.2603,0,,0.4965,54.55,-0.2,0,0.36,0.0,1,0,0,1,0,1,2,2022-05-12 11:50:00+05:30,2022-05-12 11:55:00+05:30,2022-05-12 15:00:00+05:30,225.15,223.89107142857142,227.41607142857146,1.55,EOD+
S541,WIPRO,2022-05-12 12:00:00+05:30,0.0656,0.1623,0,,0.15,93.75,-1.0,0,0.7713,,0,1,1,0,1,0,1,2022-05-12 12:00:00+05:30,2022-05-12 12:05:00+05:30,2022-05-12 13:10:00+05:30,225.7,224.45,227.95000000000002,-1.25,L
S542,WIPRO,2022-05-12 12:30:00+05:30,0.1088,0.0789,5,2.0,0.0265,53.33,13.2857,0,1.1956,,0,0,0,0,1,0,1,2022-05-12 12:30:00+05:30,2022-05-12 12:35:00+05:30,2022-05-12 15:00:00+05:30,225.45,223.79821428571427,228.4232142857143,1.25,EOD+
S543,WIPRO,2022-05-12 12:40:00+05:30,0.1043,0.1132,0,,0.1508,85.71,-1.0,0,0.8113,,0,0,1,1,1,0,1,2022-05-12 12:40:00+05:30,2022-05-12 12:45:00+05:30,2022-05-12 13:10:00+05:30,226.15,224.40892857142856,229.2839285714286,-1.7411,L
S544,WIPRO,2022-05-12 13:05:00+05:30,0.1175,0.1164,4,1.0,0.929,81.82,-1.0,0,0.8252,0.0,4,0,0,0,0,4,5,2022-05-12 13:25:00+05:30,2022-05-12 13:30:00+05:30,2022-05-12 15:00:00+05:30,225.65,223.7125,229.13750000000002,1.05,EOD+
S545,WIPRO,2022-05-12 13:35:00+05:30,0.0543,0.0321,0,,0.5175,50.0,-0.7436,0,0.7037,1.0,1,0,0,1,0,1,2,2022-05-12 13:40:00+05:30,2022-05-12 13:45:00+05:30,2022-05-12 15:00:00+05:30,225.75,223.86607142857142,229.14107142857142,0.95,EOD+
S546,WIPRO,2022-05-12 13:50:00+05:30,0.0044,0.0543,0,,0.7862,40.0,-0.5434,0,0.8363,0.0,2,0,0,1,0,2,3,2022-05-12 14:00:00+05:30,2022-05-12 14:05:00+05:30,2022-05-12 15:00:00+05:30,225.6,223.85892857142855,228.73392857142858,1.1,EOD+
S547,WIPRO,2022-05-13 10:10:00+05:30,-0.053,0.0541,0,,2.0974,10.0,-0.9004,0,1.6516,1.0,9,1,0,0,0,9,10,2022-05-13 10:55:00+05:30,2022-05-13 11:00:00+05:30,2022-05-13 15:00:00+05:30,225.6,223.20714285714286,229.90714285714284,-0.7,EOD-
S548,WIPRO,2022-05-16 10:25:00+05:30,-0.02,0.0467,0,,1.1541,52.94,-0.7814,0,0.6499,0.0,9,1,1,1,0,9,10,2022-05-16 11:10:00+05:30,2022-05-16 11:15:00+05:30,2022-05-16 12:10:00+05:30,224.8,222.81785714285715,228.36785714285716,-1.9821,L
S549,WIPRO,2022-05-16 11:20:00+05:30,-0.1236,-0.0401,1,1.0,0.9351,73.33,-0.5531,0,0.3124,0.0,2,0,0,1,0,2,3,2022-05-16 11:30:00+05:30,2022-05-16 11:35:00+05:30,2022-05-16 12:00:00+05:30,224.5,223.30357142857144,226.6535714285714,-1.1964,L
S550,WIPRO,2022-05-16 12:45:00+05:30,-0.1901,-0.1586,0,,2.5351,42.86,-0.9254,0,0.7775,0.0,9,0,0,0,0,9,10,2022-05-16 13:30:00+05:30,2022-05-16 13:35:00+05:30,2022-05-16 15:00:00+05:30,223.2,221.8785714285714,225.57857142857145,0.45,EOD+
S551,WIPRO,2022-05-16 14:20:00+05:30,0.1254,0.0885,8,3.0,0.1571,50.0,5.0606,0,1.8412,,0,0,0,0,1,0,1,2022-05-16 14:20:00+05:30,2022-05-16 14:25:00+05:30,2022-05-16 15:00:00+05:30,224.25,222.9375,226.6125,-1.3125,L
S552,WIPRO,2022-05-17 09:15:00+05:30,,,0,,0.1516,27.59,9.5882,0,3.0379,,0,0,0,0,1,0,1,2022-05-17 09:15:00+05:30,2022-05-17 09:20:00+05:30,2022-05-17 10:20:00+05:30,224.6,223.19821428571427,227.12321428571428,2.5232,W
S553,WIPRO,2022-05-17 12:25:00+05:30,-0.0033,0.0832,0,,0.9652,60.0,-0.8901,0,0.7124,1.0,9,0,1,1,0,9,10,2022-05-17 13:10:00+05:30,2022-05-17 13:15:00+05:30,2022-05-17 14:45:00+05:30,228.65,227.4714285714286,230.77142857142857,2.1214,W
S554,WIPRO,2022-05-17 13:20:00+05:30,-0.0712,-0.0635,1,1.0,0.4415,50.0,0.2195,0,0.5803,,0,1,0,1,1,0,1,2022-05-17 13:20:00+05:30,2022-05-17 13:25:00+05:30,2022-05-17 14:45:00+05:30,228.2,227.0392857142857,230.2892857142857,2.0893,W
S555,WIPRO,2022-05-18 10:05:00+05:30,0.6442,0.7301,10,3.0,0.022,58.82,11.5,0,1.1167,,0,1,0,0,1,0,1,2022-05-18 10:05:00+05:30,2022-05-18 10:10:00+05:30,2022-05-18 12:20:00+05:30,234.25,231.98214285714286,238.33214285714286,-2.2679,L
S556,WIPRO,2022-05-18 10:45:00+05:30,0.1586,0.2579,0,,1.6229,50.0,-0.8072,0,1.7731,1.0,9,0,1,0,0,9,10,2022-05-18 11:30:00+05:30,2022-05-18 11:35:00+05:30,2022-05-18 12:15:00+05:30,234.35,232.75178571428572,237.22678571428568,-1.5982,L
S557,WIPRO,2022-05-18 11:40:00+05:30,-0.2073,-0.2594,1,1.0,0.3074,11.11,1.1538,0,0.6189,,0,1,0,1,1,0,1,2022-05-18 11:40:00+05:30,2022-05-18 11:45:00+05:30,2022-05-18 12:15:00+05:30,234.15,232.82857142857145,236.5285714285714,-1.3214,L
S558,WIPRO,2022-05-18 11:55:00+05:30,-0.0663,-0.2073,2,2.0,0.1556,46.67,0.1111,0,0.4538,,0,0,0,1,1,0,1,2022-05-18 11:55:00+05:30,2022-05-18 12:00:00+05:30,2022-05-18 12:15:00+05:30,233.9,232.45357142857142,236.50357142857143,-1.4464,L
S559,WIPRO,2022-05-18 12:45:00+05:30,-0.222,-0.1993,0,,3.4235,13.33,-0.7765,0,1.9946,1.0,9,1,0,0,0,9,10,2022-05-18 13:30:00+05:30,2022-05-18 13:35:00+05:30,2022-05-18 14:15:00+05:30,232.05,230.41607142857146,234.99107142857144,-1.6339,L
S560,WIPRO,2022-05-19 13:05:00+05:30,-0.3988,-0.3637,0,,3.5,83.33,-0.9563,0,0.8424,1.0,9,0,0,1,0,9,10,2022-05-19 13:50:00+05:30,2022-05-19 13:55:00+05:30,2022-05-19 14:20:00+05:30,217.55,215.91607142857143,220.49107142857147,-1.6339,L
S561,WIPRO,2022-05-20 10:10:00+05:30,0.3079,0.2832,11,11.0,0.027,90.48,3.0,0,0.7908,,0,1,1,0,1,0,1,2022-05-20 10:10:00+05:30,2022-05-20 10:15:00+05:30,2022-05-20 15:00:00+05:30,217.7,215.3875,221.86249999999998,2.3,EOD+
S562,WIPRO,2022-05-20 10:20:00+05:30,0.3018,0.3173,0,,0.1445,33.33,0.5686,0,0.3491,,0,1,0,1,1,0,1,2022-05-20 10:20:00+05:30,2022-05-20 10:25:00+05:30,2022-05-20 15:00:00+05:30,218.0,215.79464285714286,221.96964285714287,2.0,EOD+
S563,WIPRO,2022-05-20 11:30:00+05:30,0.0742,0.0788,12,6.0,0.1686,54.55,2.0303,0,0.8397,,0,0,1,0,1,0,1,2022-05-20 11:30:00+05:30,2022-05-20 11:35:00+05:30,2022-05-20 12:15:00+05:30,219.3,218.07678571428573,221.50178571428572,-1.2232,L
S564,WIPRO,2022-05-20 11:55:00+05:30,0.0707,0.0525,0,,1.0746,50.0,-1.0,0,1.466,1.0,9,0,0,0,0,9,10,2022-05-20 12:40:00+05:30,2022-05-20 12:45:00+05:30,2022-05-20 15:00:00+05:30,218.95,217.93214285714285,220.78214285714284,1.05,EOD+
S565,WIPRO,2022-05-20 12:55:00+05:30,-0.104,-0.1405,2,2.0,0.2582,33.33,0.7778,0,0.8989,,0,0,1,0,1,0,1,2022-05-20 12:55:00+05:30,2022-05-20 13:00:00+05:30,2022-05-20 15:00:00+05:30,219.1,218.0107142857143,221.06071428571425,0.9,EOD+
S566,WIPRO,2022-05-20 13:05:00+05:30,-0.0846,-0.1382,1,1.0,0.6949,35.71,-0.4074,0,0.9488,1.0,3,0,1,0,0,3,4,2022-05-20 13:20:00+05:30,2022-05-20 13:25:00+05:30,2022-05-20 15:00:00+05:30,218.9,217.6857142857143,221.08571428571426,1.1,EOD+
S567,WIPRO,2022-05-20 13:30:00+05:30,-0.048,-0.0766,0,,0.465,0.0,-0.1398,0,0.8175,1.0,1,0,0,0,0,1,2,2022-05-20 13:35:00+05:30,2022-05-20 13:40:00+05:30,2022-05-20 15:00:00+05:30,218.8,217.55,221.05,1.2,EOD+
S568,WIPRO,2022-05-23 09:15:00+05:30,,,0,,1.6982,81.97,-0.4634,0,1.6757,0.0,1,0,0,0,0,1,2,2022-05-23 09:20:00+05:30,2022-05-23 09:25:00+05:30,2022-05-23 12:10:00+05:30,220.3,218.79107142857143,223.01607142857145,2.7161,W
S569,WIPRO,2022-05-23 09:30:00+05:30,,,1,1.0,0.7306,78.57,-1.0,0,0.5902,0.0,2,1,1,1,0,2,3,2022-05-23 09:40:00+05:30,2022-05-23 09:45:00+05:30,2022-05-23 15:00:00+05:30,220.1,218.05535714285713,223.78035714285713,3.1,EOD+
S570,WIPRO,2022-05-23 10:45:00+05:30,0.1089,0.0954,12,12.0,0.0648,50.0,4.3333,0,0.4274,,0,0,0,0,1,0,1,2022-05-23 10:45:00+05:30,2022-05-23 10:50:00+05:30,2022-05-23 12:15:00+05:30,220.7,219.25357142857143,223.30357142857142,2.6036,W
S571,WIPRO,2022-05-23 11:00:00+05:30,0.1055,0.1089,2,2.0,0.0463,0.0,6.5,0,0.7673,,0,1,0,0,1,0,1,2022-05-23 11:00:00+05:30,2022-05-23 11:05:00+05:30,2022-05-23 11:45:00+05:30,220.5,219.41964285714286,222.44464285714284,1.9446,W
S572,WIPRO,2022-05-23 11:15:00+05:30,0.1224,0.1055,2,1.0,0.1426,87.5,-0.0909,0,0.7176,,0,0,0,1,1,0,1,2022-05-23 11:15:00+05:30,2022-05-23 11:20:00+05:30,2022-05-23 11:55:00+05:30,221.0,220.03571428571428,222.7357142857143,1.7357,W
S573,WIPRO,2022-05-23 12:35:00+05:30,0.2488,0.2829,15,2.0,0.3805,18.18,0.7284,0,1.0921,,0,0,0,0,1,0,1,2022-05-23 12:35:00+05:30,2022-05-23 12:40:00+05:30,2022-05-23 15:00:00+05:30,222.2,220.86964285714285,224.59464285714284,1.0,EOD+
S574,WIPRO,2022-05-23 12:45:00+05:30,0.1845,0.2714,0,,0.8342,16.67,-0.5402,0,0.6467,1.0,4,0,0,1,0,4,5,2022-05-23 13:05:00+05:30,2022-05-23 13:10:00+05:30,2022-05-23 15:00:00+05:30,222.45,221.14642857142857,224.79642857142855,0.75,EOD+
S575,WIPRO,2022-05-23 13:15:00+05:30,0.109,0.1405,0,,0.58,50.0,-0.8276,0,1.0832,1.0,1,1,0,0,0,1,2,2022-05-23 13:20:00+05:30,2022-05-23 13:25:00+05:30,2022-05-23 14:00:00+05:30,222.8,221.55,225.05,-1.25,L
S576,WIPRO,2022-05-24 09:15:00+05:30,,,0,,0.6924,49.02,0.5385,0,1.4761,,0,1,0,0,1,0,1,2022-05-24 09:15:00+05:30,2022-05-24 09:20:00+05:30,2022-05-24 10:15:00+05:30,222.5,220.85714285714286,225.45714285714286,-1.6429,L
S577,WIPRO,2022-05-24 10:45:00+05:30,-0.2178,-0.2299,0,,1.9422,62.5,-0.9583,0,1.8164,1.0,9,1,1,1,0,9,10,2022-05-24 11:30:00+05:30,2022-05-24 11:35:00+05:30,2022-05-24 14:25:00+05:30,221.15,219.60535714285714,223.93035714285716,-1.5446,L
S578,WIPRO,2022-05-24 12:05:00+05:30,0.0532,-0.0068,6,4.0,0.1642,6.67,3.7368,0,2.3713,,0,1,0,0,1,0,1,2022-05-24 12:05:00+05:30,2022-05-24 12:10:00+05:30,2022-05-24 14:25:00+05:30,221.1,219.65357142857144,223.7035714285714,-1.4464,L
S579,WIPRO,2022-05-24 12:35:00+05:30,0.086,0.0702,5,1.0,0.0306,85.0,1.8571,0,0.5143,,0,1,0,1,1,0,1,2022-05-24 12:35:00+05:30,2022-05-24 12:40:00+05:30,2022-05-24 14:25:00+05:30,221.0,219.57142857142858,223.57142857142856,-1.4286,L
S580,WIPRO,2022-05-24 12:45:00+05:30,0.1108,0.0871,0,,0.1575,12.5,1.7778,0,0.4512,,0,1,0,1,1,0,1,2022-05-24 12:45:00+05:30,2022-05-24 12:50:00+05:30,2022-05-24 13:15:00+05:30,221.25,219.82142857142858,223.82142857142856,-1.4286,L
S581,WIPRO,2022-05-25 12:15:00+05:30,-0.1493,-0.1456,0,,3.5957,87.5,-0.9667,0,1.1239,1.0,9,1,0,0,0,9,10,2022-05-25 13:00:00+05:30,2022-05-25 13:05:00+05:30,2022-05-25 13:40:00+05:30,213.55,212.50535714285715,215.43035714285713,-1.0446,L
S582,WIPRO,2022-05-25 13:25:00+05:30,-0.0598,-0.1581,4,2.0,0.4357,66.67,-0.1011,0,1.1792,1.0,9,0,0,0,0,9,10,2022-05-25 14:10:00+05:30,2022-05-25 14:15:00+05:30,2022-05-25 15:00:00+05:30,213.05,211.77321428571432,215.34821428571428,-0.55,EOD-
S583,WIPRO,2022-05-26 09:35:00+05:30,,,4,4.0,0.3862,87.88,-0.5313,0,0.6074,0.0,2,1,1,1,0,2,3,2022-05-26 09:45:00+05:30,2022-05-26 09:50:00+05:30,2022-05-26 13:40:00+05:30,213.45,211.37857142857143,217.17857142857142,3.7286,W
S584,WIPRO,2022-05-26 10:10:00+05:30,0.0774,0.0645,0,,0.9698,28.57,-0.8082,0,0.4932,0.0,9,1,1,1,0,9,10,2022-05-26 10:55:00+05:30,2022-05-26 11:00:00+05:30,2022-05-26 15:00:00+05:30,213.75,211.0625,218.5875,2.85,EOD+
S585,WIPRO,2022-05-26 11:30:00+05:30,0.075,-0.0223,6,2.0,0.3343,100.0,-1.0,0,0.6751,0.0,1,0,0,0,0,1,2,2022-05-26 11:35:00+05:30,2022-05-26 11:40:00+05:30,2022-05-26 13:15:00+05:30,213.55,212.35357142857143,215.70357142857145,2.1536,W
S586,WIPRO,2022-05-26 12:30:00+05:30,0.139,0.159,10,2.0,0.9972,33.33,-0.2053,0,0.5994,0.0,1,0,0,0,0,1,2,2022-05-26 12:35:00+05:30,2022-05-26 12:40:00+05:30,2022-05-26 13:15:00+05:30,214.15,213.20357142857145,215.85357142857143,1.7036,W
S587,WIPRO,2022-05-26 12:45:00+05:30,0.0596,0.139,0,,0.1902,16.67,-0.2,0,0.6114,1.0,1,0,1,0,0,1,2,2022-05-26 12:50:00+05:30,2022-05-26 12:55:00+05:30,2022-05-26 13:15:00+05:30,214.6,213.77857142857144,216.0785714285714,1.4786,W
S588,WIPRO,2022-05-26 14:30:00+05:30,0.2292,0.1994,19,10.0,0.7041,5.56,0.1628,0,0.6827,,0,0,0,0,1,0,1,2022-05-26 14:30:00+05:30,2022-05-26 14:35:00+05:30,2022-05-26 15:00:00+05:30,215.95,214.42321428571427,218.6982142857143,0.65,EOD+
S589,WIPRO,2022-05-27 10:40:00+05:30,0.3209,0.375,0,,1.0806,23.08,-0.9371,0,1.6367,1.0,9,1,0,0,0,9,10,2022-05-27 11:25:00+05:30,2022-05-27 11:30:00+05:30,2022-05-27 13:25:00+05:30,219.75,217.91071428571428,223.06071428571428,3.3107,W
S590,WIPRO,2022-05-27 14:30:00+05:30,0.1656,0.1714,36,13.0,0.0314,72.73,7.5714,0,1.6659,,0,1,0,0,1,0,1,2022-05-27 14:30:00+05:30,2022-05-27 14:35:00+05:30,2022-05-27 15:00:00+05:30,222.1,220.70714285714283,224.6071428571429,0.45,EOD+
S591,WIPRO,2022-05-30 10:45:00+05:30,0.5831,0.6368,18,10.0,0.1423,84.62,0.0811,0,0.3742,,0,1,0,0,1,0,1,2022-05-30 10:45:00+05:30,2022-05-30 10:50:00+05:30,2022-05-30 15:00:00+05:30,228.05,226.425,230.975,-0.3,EOD-
S592,WIPRO,2022-05-30 11:00:00+05:30,0.3328,0.5831,1,1.0,0.1717,66.67,-1.0,0,0.4657,1.0,1,1,0,0,0,1,2,2022-05-30 11:05:00+05:30,2022-05-30 11:10:00+05:30,2022-05-30 14:10:00+05:30,228.35,226.93035714285713,230.90535714285713,-1.4196,L
S593,WIPRO,2022-05-30 11:15:00+05:30,0.0438,0.3328,0,,0.3883,12.5,0.8421,0,0.5503,,0,1,0,1,1,0,1,2022-05-30 11:15:00+05:30,2022-05-30 11:20:00+05:30,2022-05-30 13:50:00+05:30,228.65,227.42678571428573,230.85178571428574,-1.2232,L
S594,WIPRO,2022-05-30 12:10:00+05:30,0.1157,0.1344,9,6.0,0.2925,54.55,0.4286,0,0.9987,,0,1,0,1,1,0,1,2022-05-30 12:10:00+05:30,2022-05-30 12:15:00+05:30,2022-05-30 13:45:00+05:30,229.05,227.85357142857143,231.20357142857145,-1.1964,L
S595,WIPRO,2022-05-30 12:20:00+05:30,0.0808,0.1234,0,,0.2014,46.15,1.381,0,0.9498,,0,0,0,0,1,0,1,2022-05-30 12:20:00+05:30,2022-05-30 12:25:00+05:30,2022-05-30 13:45:00+05:30,229.5,228.19642857142856,231.8464285714286,-1.3036,L
S596,WIPRO,2022-05-31 09:45:00+05:30,-0.1035,,0,,0.7192,6.67,-0.4667,0,0.603,0.0,9,0,0,0,0,9,10,2022-05-31 10:30:00+05:30,2022-05-31 10:35:00+05:30,2022-05-31 15:00:00+05:30,226.75,224.79464285714286,230.26964285714286,0.25,EOD+
S597,WIPRO,2022-05-31 12:15:00+05:30,0.2202,0.2128,19,13.0,0.0795,85.71,0.3333,0,1.0285,,0,0,0,0,1,0,1,2022-05-31 12:15:00+05:30,2022-05-31 12:20:00+05:30,2022-05-31 14:55:00+05:30,228.2,227.02142857142857,230.32142857142853,-1.1786,L
S598,WIPRO,2022-05-31 12:25:00+05:30,0.1818,0.2236,0,,0.3368,20.0,-0.6078,0,0.9385,1.0,2,1,1,1,0,2,3,2022-05-31 12:35:00+05:30,2022-05-31 12:40:00+05:30,2022-05-31 14:50:00+05:30,228.5,227.55357142857144,230.20357142857142,-0.9464,L
S599,WIPRO,2022-05-31 12:45:00+05:30,0.0744,0.1533,1,1.0,1.9908,44.44,-0.3548,0,1.182,0.0,2,0,0,0,0,2,3,2022-05-31 12:55:00+05:30,2022-05-31 13:00:00+05:30,2022-05-31 14:50:00+05:30,228.45,227.4767857142857,230.2017857142857,-0.9732,L
S600,WIPRO,2022-05-31 13:05:00+05:30,-0.0208,0.0252,0,,0.1102,75.0,-1.0,0,1.5631,1.0,1,1,1,0,0,1,2,2022-05-31 13:10:00+05:30,2022-05-31 13:15:00+05:30,2022-05-31 14:50:00+05:30,228.55,227.5857142857143,230.2857142857143,-0.9643,L
S601,WIPRO,2022-06-01 09:45:00+05:30,-0.272,,0,,2.4061,52.94,-0.9115,0,0.2498,1.0,9,1,0,1,0,9,10,2022-06-01 10:30:00+05:30,2022-06-01 10:35:00+05:30,2022-06-01 14:15:00+05:30,227.1,224.7517857142857,231.32678571428573,-2.3482,L
S602,WIPRO,2022-06-01 10:45:00+05:30,-0.1333,-0.1145,1,1.0,0.0969,15.79,11.7273,0,1.1696,,0,0,0,0,1,0,1,2022-06-01 10:45:00+05:30,2022-06-01 10:50:00+05:30,2022-06-01 13:10:00+05:30,227.7,226.28035714285713,230.25535714285715,-1.4196,L
S603,WIPRO,2022-06-01 11:55:00+05:30,0.2098,0.221,13,3.0,0.2269,28.57,0.7143,0,0.7645,,0,0,0,0,1,0,1,2022-06-01 11:55:00+05:30,2022-06-01 12:00:00+05:30,2022-06-01 13:05:00+05:30,227.7,226.73571428571427,229.43571428571428,-0.9643,L
S604,WIPRO,2022-06-02 09:15:00+05:30,,,0,,1.7842,18.75,0.4925,0,3.2671,,0,1,1,0,1,0,1,2022-06-02 09:15:00+05:30,2022-06-02 09:20:00+05:30,2022-06-02 15:00:00+05:30,226.1,224.45714285714288,229.05714285714282,0.8,EOD+
S605,WIPRO,2022-06-02 10:25:00+05:30,0.187,0.2082,13,12.0,0.168,41.67,-0.1667,0,0.4232,1.0,1,1,0,1,0,1,2,2022-06-02 10:30:00+05:30,2022-06-02 10:35:00+05:30,2022-06-02 15:00:00+05:30,226.55,224.7642857142857,229.76428571428576,0.35,EOD+
S606,WIPRO,2022-06-02 10:45:00+05:30,0.1469,0.1781,2,2.0,0.1253,30.77,1.069,0,0.4474,,0,0,0,1,1,0,1,2022-06-02 10:45:00+05:30,2022-06-02 10:50:00+05:30,2022-06-02 15:00:00+05:30,226.35,224.9035714285714,228.95357142857145,0.55,EOD+
S607,WIPRO,2022-06-02 10:55:00+05:30,0.1226,0.1658,0,,0.8918,62.5,-0.6774,0,0.7636,1.0,6,1,0,1,0,6,7,2022-06-02 11:25:00+05:30,2022-06-02 11:30:00+05:30,2022-06-02 15:00:00+05:30,226.25,224.94642857142856,228.5964285714286,0.65,EOD+
S608,WIPRO,2022-06-02 11:45:00+05:30,0.032,-0.0,3,1.0,0.0,0.0,,1,0.4644,,0,0,0,0,1,0,1,2022-06-02 11:45:00+05:30,2022-06-02 11:50:00+05:30,2022-06-02 15:00:00+05:30,226.55,225.3982142857143,228.6232142857143,0.35,EOD+
S609,WIPRO,2022-06-02 12:50:00+05:30,0.1169,0.0607,12,3.0,0.407,44.44,0.6,0,1.1534,,0,1,0,1,1,0,1,2022-06-02 12:50:00+05:30,2022-06-02 12:55:00+05:30,2022-06-02 15:00:00+05:30,226.95,226.18214285714285,228.33214285714283,-0.05,EOD-
S610,WIPRO,2022-06-02 13:15:00+05:30,0.0672,0.118,4,3.0,0.883,100.0,-1.0,0,0.9353,0.0,1,0,1,1,0,1,2,2022-06-02 13:20:00+05:30,2022-06-02 13:25:00+05:30,2022-06-02 15:00:00+05:30,226.95,226.1642857142857,228.36428571428567,-0.05,EOD-
S611,WIPRO,2022-06-02 13:35:00+05:30,0.0286,0.0518,2,1.0,0.0,25.0,,1,0.7505,,0,1,0,1,1,0,1,2022-06-02 13:35:00+05:30,2022-06-02 13:40:00+05:30,2022-06-02 15:00:00+05:30,227.0,226.27678571428572,228.30178571428567,-0.7232,L
S612,WIPRO,2022-06-02 13:50:00+05:30,0.043,0.0286,1,1.0,0.3756,62.5,-0.0909,0,0.6861,1.0,2,0,1,0,0,2,3,2022-06-02 14:00:00+05:30,2022-06-02 14:05:00+05:30,2022-06-02 15:00:00+05:30,227.15,226.41785714285717,228.46785714285713,-0.7321,L
S613,WIPRO,2022-06-02 14:10:00+05:30,0.0154,0.0319,0,,1.0706,61.54,-0.2308,0,1.2681,,0,0,0,1,1,0,1,2022-06-02 14:10:00+05:30,2022-06-02 14:15:00+05:30,2022-06-02 15:00:00+05:30,227.3,226.54107142857146,228.66607142857143,-0.7589,L
S614,WIPRO,2022-06-02 14:20:00+05:30,0.0088,0.0209,1,1.0,0.2435,100.0,-1.0,0,1.0621,1.0,2,0,0,0,0,2,3,2022-06-02 14:30:00+05:30,2022-06-02 14:35:00+05:30,2022-06-02 15:00:00+05:30,227.1,226.27857142857144,228.5785714285714,-0.8214,L
S615,WIPRO,2022-06-03 10:30:00+05:30,0.5462,0.5632,15,14.0,0.2027,21.43,1.6415,0,0.7962,,0,1,0,0,1,0,1,2022-06-03 10:30:00+05:30,2022-06-03 10:35:00+05:30,2022-06-03 13:40:00+05:30,231.35,229.7160714285714,234.29107142857143,-1.6339,L
S616,WIPRO,2022-06-03 10:45:00+05:30,0.5187,0.5462,0,,1.44,50.0,-0.7222,0,1.5511,1.0,9,0,0,0,0,9,10,2022-06-03 11:30:00+05:30,2022-06-03 11:35:00+05:30,2022-06-03 13:35:00+05:30,231.95,230.3875,234.7625,-1.5625,L
S617,WIPRO,2022-06-03 11:40:00+05:30,-0.0961,-0.1371,0,,0.4648,40.0,-0.2593,0,0.6463,,0,0,0,0,1,0,1,2022-06-03 11:40:00+05:30,2022-06-03 11:45:00+05:30,2022-06-03 13:35:00+05:30,231.55,230.4607142857143,233.5107142857143,-1.0893,L
S618,WIPRO,2022-06-03 11:50:00+05:30,-0.0799,-0.1155,1,1.0,0.3434,60.0,-0.2308,0,0.313,0.0,2,1,0,1,0,2,3,2022-06-03 12:00:00+05:30,2022-06-03 12:05:00+05:30,2022-06-03 13:35:00+05:30,231.45,230.5035714285714,233.1535714285714,-0.9464,L
S619,WIPRO,2022-06-03 12:10:00+05:30,-0.0324,-0.0734,0,,0.297,11.11,1.381,0,1.4056,,0,1,1,0,1,0,1,2022-06-03 12:10:00+05:30,2022-06-03 12:15:00+05:30,2022-06-03 12:30:00+05:30,231.7,230.81607142857143,233.2910714285714,-0.8839,L
S620,WIPRO,2022-06-03 12:25:00+05:30,0.0238,-0.0324,2,2.0,0.1077,57.14,1.8571,0,0.8622,,0,0,0,1,1,0,1,2022-06-03 12:25:00+05:30,2022-06-03 12:30:00+05:30,2022-06-03 13:35:00+05:30,231.55,230.7375,233.0125,-0.8125,L
S621,WIPRO,2022-06-03 12:35:00+05:30,0.0076,0.013,0,,1.6139,25.0,-0.3574,0,1.0594,0.0,5,0,0,0,0,5,6,2022-06-03 13:00:00+05:30,2022-06-03 13:05:00+05:30,2022-06-03 13:35:00+05:30,231.5,230.53571428571428,233.23571428571427,-0.9643,L
S622,WIPRO,2022-06-03 13:10:00+05:30,-0.0054,-0.0054,0,,0.2772,0.0,-1.0,0,1.1965,1.0,2,1,1,0,0,2,3,2022-06-03 13:20:00+05:30,2022-06-03 13:25:00+05:30,2022-06-03 13:35:00+05:30,231.7,230.79821428571427,233.32321428571427,-0.9018,L
S623,WIPRO,2022-06-06 10:05:00+05:30,-0.5819,-0.6517,0,,2.3603,0.0,-0.7338,0,0.3114,0.0,9,0,0,1,0,9,10,2022-06-06 10:50:00+05:30,2022-06-06 10:55:00+05:30,2022-06-06 15:00:00+05:30,223.4,220.6142857142857,228.41428571428574,2.8,EOD+
S624,WIPRO,2022-06-06 11:00:00+05:30,-0.2745,-0.4589,0,,0.0467,0.0,9.0,0,0.4126,,0,0,1,1,1,0,1,2022-06-06 11:00:00+05:30,2022-06-06 11:05:00+05:30,2022-06-06 12:35:00+05:30,223.4,222.32857142857145,225.32857142857142,1.9286,W
S625,WIPRO,2022-06-06 11:10:00+05:30,-0.0728,-0.3562,0,,0.9588,75.0,-1.0,0,0.7649,1.0,2,1,0,1,0,2,3,2022-06-06 11:20:00+05:30,2022-06-06 11:25:00+05:30,2022-06-06 12:35:00+05:30,223.3,222.2375,225.2125,1.9125,W
S626,WIPRO,2022-06-06 11:30:00+05:30,-0.0146,0.0202,0,,0.1892,42.86,0.3333,0,0.5207,,0,0,0,1,1,0,1,2022-06-06 11:30:00+05:30,2022-06-06 11:35:00+05:30,2022-06-06 12:10:00+05:30,223.2,222.20892857142857,224.98392857142855,1.7839,W
S627,WIPRO,2022-06-06 11:40:00+05:30,-0.0179,0.0112,0,,0.9774,25.0,-0.4595,0,1.4045,1.0,1,1,0,1,0,1,2,2022-06-06 11:45:00+05:30,2022-06-06 11:50:00+05:30,2022-06-06 12:30:00+05:30,223.4,222.45357142857145,225.1035714285714,1.7036,W
S628,WIPRO,2022-06-06 14:20:00+05:30,0.1626,0.196,30,4.0,0.2468,54.55,0.4545,0,0.8892,,0,0,0,1,1,0,1,2022-06-06 14:20:00+05:30,2022-06-06 14:25:00+05:30,2022-06-06 15:00:00+05:30,226.05,224.65714285714287,228.55714285714285,0.15,EOD+
S629,WIPRO,2022-06-07 11:00:00+05:30,-0.2605,-0.2948,0,,1.3741,100.0,-1.0,0,1.0389,1.0,9,1,0,0,0,9,10,2022-06-07 11:45:00+05:30,2022-06-07 11:50:00+05:30,2022-06-07 15:00:00+05:30,223.3,222.3357142857143,225.0357142857143,0.0,EOD-
S630,WIPRO,2022-06-07 12:15:00+05:30,-0.0078,-0.028,5,2.0,0.0556,25.0,11.0,0,0.2715,,0,1,0,1,1,0,1,2022-06-07 12:15:00+05:30,2022-06-07 12:20:00+05:30,2022-06-07 15:00:00+05:30,223.6,222.475,225.62499999999997,-0.3,EOD-
S631,WIPRO,2022-06-07 12:30:00+05:30,0.0134,-0.0078,2,2.0,0.3991,60.0,-0.3443,0,0.4725,0.0,2,0,0,1,0,2,3,2022-06-07 12:40:00+05:30,2022-06-07 12:45:00+05:30,2022-06-07 15:00:00+05:30,223.4,222.44464285714287,225.11964285714285,-0.1,EOD-
S632,WIPRO,2022-06-07 12:50:00+05:30,-0.0022,0.0157,0,,0.4186,0.0,-0.3103,0,0.5781,0.0,1,0,0,0,0,1,2,2022-06-07 12:55:00+05:30,2022-06-07 13:00:00+05:30,2022-06-07 15:00:00+05:30,223.3,222.4339285714286,224.85892857142855,0.0,EOD-
S633,WIPRO,2022-06-07 13:05:00+05:30,0.028,-0.0022,0,,0.9615,25.0,-0.84,0,0.5139,0.0,1,1,0,1,0,1,2,2022-06-07 13:10:00+05:30,2022-06-07 13:15:00+05:30,2022-06-07 15:00:00+05:30,223.4,222.5875,224.8625,-0.1,EOD-
S634,WIPRO,2022-06-07 13:20:00+05:30,0.0671,0.028,0,,0.169,50.0,-0.0476,0,0.6913,1.0,1,1,0,1,0,1,2,2022-06-07 13:25:00+05:30,2022-06-07 13:30:00+05:30,2022-06-07 13:55:00+05:30,223.45,222.67321428571427,224.84821428571428,-0.7768,L
S635,WIPRO,2022-06-07 13:40:00+05:30,0.0034,0.056,0,,1.0422,9.09,-0.2537,0,3.3964,1.0,9,0,0,0,0,9,10,2022-06-07 14:25:00+05:30,2022-06-07 14:30:00+05:30,2022-06-07 15:00:00+05:30,223.5,222.69642857142858,224.94642857142858,-0.2,EOD-
S636,WIPRO,2022-06-08 09:25:00+05:30,,,2,2.0,0.0423,55.56,-1.0,0,0.8732,0.0,9,1,1,0,0,9,10,2022-06-08 10:10:00+05:30,2022-06-08 10:15:00+05:30,2022-06-08 15:00:00+05:30,223.4,222.06964285714287,225.79464285714286,1.05,EOD+
S637,WIPRO,2022-06-08 11:45:00+05:30,0.2394,0.2108,18,12.0,0.0813,66.67,2.3333,0,0.8803,,0,1,0,1,1,0,1,2022-06-08 11:45:00+05:30,2022-06-08 11:50:00+05:30,2022-06-08 13:35:00+05:30,224.9,223.51607142857142,227.39107142857145,-1.3839,L
S638,WIPRO,2022-06-08 12:35:00+05:30,0.05,0.1178,9,6.0,0.333,50.0,0.6327,0,1.841,,0,1,0,0,1,0,1,2022-06-08 12:35:00+05:30,2022-06-08 12:40:00+05:30,2022-06-08 13:25:00+05:30,224.95,224.0303571428571,226.60535714285717,-0.9196,L
S639,WIPRO,2022-06-08 13:30:00+05:30,-0.0867,-0.0411,0,,3.0922,77.78,-0.9121,0,1.1464,0.0,9,0,0,0,0,9,10,2022-06-08 14:15:00+05:30,2022-06-08 14:20:00+05:30,2022-06-08 15:00:00+05:30,224.45,223.53035714285713,226.10535714285714,0.0,EOD-
S640,WIPRO,2022-06-09 09:40:00+05:30,-0.0669,,0,,0.6966,31.25,-1.0,0,0.6452,0.0,9,0,0,0,0,9,10,2022-06-09 10:25:00+05:30,2022-06-09 10:30:00+05:30,2022-06-09 15:00:00+05:30,224.15,222.32857142857142,227.42857142857144,2.15,EOD+
S641,WIPRO,2022-06-09 10:35:00+05:30,-0.0894,-0.0893,0,,0.116,85.71,-0.2857,0,0.7435,,0,1,0,1,1,0,1,2022-06-09 10:35:00+05:30,2022-06-09 10:40:00+05:30,2022-06-09 15:00:00+05:30,224.35,222.8410714285714,227.06607142857143,2.7161,W
S642,WIPRO,2022-06-09 11:20:00+05:30,0.019,0.038,0,,0.6662,0.0,-0.7101,0,0.8526,1.0,9,0,0,0,0,9,10,2022-06-09 12:05:00+05:30,2022-06-09 12:10:00+05:30,2022-06-09 14:45:00+05:30,224.15,222.85535714285714,226.48035714285714,2.3304,W
S643,WIPRO,2022-06-09 12:15:00+05:30,-0.0045,0.0179,0,,0.1179,50.0,1.5,0,0.2882,,0,1,0,1,1,0,1,2022-06-09 12:15:00+05:30,2022-06-09 12:20:00+05:30,2022-06-09 14:30:00+05:30,224.1,223.25178571428572,225.62678571428572,1.5268,W
S644,WIPRO,2022-06-09 13:55:00+05:30,0.1246,0.1447,18,5.0,0.1451,28.57,1.3529,0,0.4839,,0,1,0,1,1,0,1,2022-06-09 13:55:00+05:30,2022-06-09 14:00:00+05:30,2022-06-09 14:40:00+05:30,224.8,224.06785714285715,226.11785714285716,1.3179,W
S645,WIPRO,2022-06-09 14:15:00+05:30,0.05,0.1079,3,3.0,0.3429,33.33,0.6667,0,0.6587,,0,0,0,0,1,0,1,2022-06-09 14:15:00+05:30,2022-06-09 14:20:00+05:30,2022-06-09 14:45:00+05:30,224.9,224.025,226.47500000000002,1.575,W
S646,WIPRO,2022-06-09 14:25:00+05:30,0.0456,0.0734,1,1.0,0.0706,86.67,-1.0,0,2.6512,,0,1,0,0,1,0,1,2022-06-09 14:25:00+05:30,2022-06-09 14:30:00+05:30,2022-06-09 15:00:00+05:30,225.5,224.5267857142857,227.25178571428572,0.8,EOD+
S647,WIPRO,2022-06-10 10:00:00+05:30,-0.7152,-0.6382,0,,4.1114,40.0,-0.9179,0,0.4909,0.0,9,0,0,0,0,9,10,2022-06-10 10:45:00+05:30,2022-06-10 10:50:00+05:30,2022-06-10 15:00:00+05:30,219.75,216.78571428571428,225.0857142857143,0.45,EOD+
S648,WIPRO,2022-06-10 11:25:00+05:30,0.0525,-0.1928,7,3.0,0.0365,25.0,22.3333,0,0.8756,,0,0,0,0,1,0,1,2022-06-10 11:25:00+05:30,2022-06-10 11:30:00+05:30,2022-06-10 15:00:00+05:30,219.55,218.52321428571426,221.39821428571435,0.65,EOD+
S649,WIPRO,2022-06-10 12:20:00+05:30,0.1569,0.1809,10,4.0,0.006,41.67,99.0,0,0.6615,,0,0,0,0,1,0,1,2022-06-10 12:20:00+05:30,2022-06-10 12:25:00+05:30,2022-06-10 15:00:00+05:30,220.4,219.35535714285714,222.28035714285716,-0.2,EOD-
S650,WIPRO,2022-06-10 12:40:00+05:30,0.0897,0.1194,3,2.0,0.3366,37.5,-0.0476,0,0.8919,,0,0,1,0,1,0,1,2022-06-10 12:40:00+05:30,2022-06-10 12:45:00+05:30,2022-06-10 15:00:00+05:30,220.25,219.08035714285717,222.35535714285712,-0.05,EOD-
S651,WIPRO,2022-06-10 13:20:00+05:30,0.0375,0.0227,0,,0.4592,0.0,-0.2683,0,1.5322,1.0,9,0,0,0,0,9,10,2022-06-10 14:05:00+05:30,2022-06-10 14:10:00+05:30,2022-06-10 15:00:00+05:30,219.95,218.83392857142857,221.95892857142857,0.25,EOD+
S652,WIPRO,2022-06-13 10:05:00+05:30,-0.5174,-0.5352,0,,1.7323,66.67,-0.9041,0,0.2106,0.0,9,1,0,1,0,9,10,2022-06-13 10:50:00+05:30,2022-06-13 10:55:00+05:30,2022-06-13 15:00:00+05:30,215.35,212.34107142857144,220.76607142857142,-1.6,EOD-
S653,WIPRO,2022-06-13 12:45:00+05:30,0.0289,0.0833,0,,1.4459,40.0,-0.8413,0,0.9565,1.0,9,0,0,0,0,9,10,2022-06-13 13:30:00+05:30,2022-06-13 13:35:00+05:30,2022-06-13 13:45:00+05:30,215.7,215.15535714285713,216.6803571428571,-0.5446,L
S654,WIPRO,2022-06-14 09:15:00+05:30,,,0,,5.2767,48.53,-0.8231,0,0.937,0.0,3,1,0,1,0,3,4,2022-06-14 09:30:00+05:30,2022-06-14 09:35:00+05:30,2022-06-14 15:00:00+05:30,213.55,211.675,216.92499999999998,-0.15,EOD-
S655,WIPRO,2022-06-14 11:40:00+05:30,0.1088,0.2697,25,13.0,0.0937,42.86,0.3333,0,0.669,,0,0,1,1,1,0,1,2022-06-14 11:40:00+05:30,2022-06-14 11:45:00+05:30,2022-06-14 12:20:00+05:30,216.15,215.14999999999998,217.95000000000005,-1.0,L
S656,WIPRO,2022-06-14 11:50:00+05:30,0.059,0.1539,0,,0.3846,100.0,-1.0,0,1.3064,1.0,2,0,0,1,0,2,3,2022-06-14 12:00:00+05:30,2022-06-14 12:05:00+05:30,2022-06-14 12:20:00+05:30,216.1,215.28749999999997,217.56250000000003,-0.8125,L
S657,WIPRO,2022-06-14 12:10:00+05:30,0.0023,0.0509,0,,1.61,50.0,-0.9034,0,2.698,1.0,8,0,0,0,0,8,9,2022-06-14 12:50:00+05:30,2022-06-14 12:55:00+05:30,2022-06-14 13:00:00+05:30,216.0,215.19642857142856,217.44642857142858,-0.8036,L
S658,WIPRO,2022-06-15 09:25:00+05:30,,,2,2.0,0.4495,38.1,0.3115,0,1.136,,0,1,0,0,1,0,1,2022-06-15 09:25:00+05:30,2022-06-15 09:30:00+05:30,2022-06-15 12:10:00+05:30,213.35,211.6535714285714,216.40357142857144,-1.6964,L
S659,WIPRO,2022-06-15 09:35:00+05:30,,,1,1.0,0.6238,82.35,-0.8889,0,0.4447,0.0,3,0,0,0,0,3,4,2022-06-15 09:50:00+05:30,2022-06-15 09:55:00+05:30,2022-06-15 12:10:00+05:30,213.35,211.54642857142858,216.59642857142856,-1.8036,L
S660,WIPRO,2022-06-15 11:05:00+05:30,-0.1646,-0.0716,0,,2.0938,0.0,-0.7633,0,1.6648,1.0,9,1,0,0,0,9,10,2022-06-15 11:50:00+05:30,2022-06-15 11:55:00+05:30,2022-06-15 12:10:00+05:30,212.5,211.49107142857142,214.31607142857143,-1.0089,L
S661,WIPRO,2022-06-15 12:00:00+05:30,-0.0777,-0.1048,1,1.0,0.3311,75.0,0.1429,0,0.7358,,0,0,0,1,1,0,1,2022-06-15 12:00:00+05:30,2022-06-15 12:05:00+05:30,2022-06-15 12:10:00+05:30,212.25,211.58928571428572,213.43928571428572,-0.6607,L
S662,WIPRO,2022-06-15 13:40:00+05:30,-0.1396,-0.091,0,,1.4829,25.0,-0.8758,0,1.7665,1.0,9,1,0,1,0,9,10,2022-06-15 14:25:00+05:30,2022-06-15 14:30:00+05:30,2022-06-15 15:00:00+05:30,211.25,210.57142857142856,212.4714285714286,-0.6786,L
S663,WIPRO,2022-06-16 09:40:00+05:30,0.077,,5,5.0,0.3754,30.77,-0.0991,0,0.4643,0.0,1,1,0,0,0,1,2,2022-06-16 09:45:00+05:30,2022-06-16 09:50:00+05:30,2022-06-16 11:15:00+05:30,211.3,209.45178571428573,214.62678571428572,-1.8482,L
S664,WIPRO,2022-06-16 13:40:00+05:30,-0.6323,-0.732,0,,2.6323,5.56,-0.7549,0,0.6751,0.0,9,0,0,0,0,9,10,2022-06-16 14:25:00+05:30,2022-06-16 14:30:00+05:30,2022-06-16 15:00:00+05:30,202.5,200.5625,205.9875,-0.4,EOD-
S665,WIPRO,2022-06-17 11:55:00+05:30,-0.3303,-0.4594,0,,2.4171,44.44,-1.0,0,0.7939,1.0,9,0,0,1,0,9,10,2022-06-17 12:40:00+05:30,2022-06-17 12:45:00+05:30,2022-06-17 15:00:00+05:30,193.4,191.88214285714287,196.13214285714284,1.25,EOD+
S666,WIPRO,2022-06-17 12:55:00+05:30,-0.2019,-0.3232,1,1.0,0.1063,94.74,-0.3103,0,0.9152,0.0,1,0,0,0,0,1,2,2022-06-17 13:00:00+05:30,2022-06-17 13:05:00+05:30,2022-06-17 15:00:00+05:30,193.1,191.39464285714286,196.16964285714286,1.55,EOD+
S667,WIPRO,2022-06-17 13:10:00+05:30,-0.1023,-0.2019,0,,0.5749,75.0,-0.7279,0,0.9928,1.0,1,1,0,1,0,1,2,2022-06-17 13:15:00+05:30,2022-06-17 13:20:00+05:30,2022-06-17 15:00:00+05:30,193.45,191.85178571428568,196.3267857142857,1.2,EOD+
S668,WIPRO,2022-06-17 13:55:00+05:30,0.1898,0.1951,7,6.0,0.3058,10.0,1.1687,0,1.0089,,0,0,0,1,1,0,1,2022-06-17 13:55:00+05:30,2022-06-17 14:00:00+05:30,2022-06-17 15:00:00+05:30,193.9,192.20357142857142,196.95357142857145,0.75,EOD+
S669,WIPRO,2022-06-17 14:05:00+05:30,0.1291,0.2092,0,,0.8273,66.67,-1.0,0,1.0094,0.0,5,0,0,0,0,5,6,2022-06-17 14:30:00+05:30,2022-06-17 14:35:00+05:30,2022-06-17 15:00:00+05:30,193.75,192.08035714285714,196.75535714285715,0.9,EOD+
S670,WIPRO,2022-06-20 09:25:00+05:30,,,2,2.0,0.0286,10.0,13.0,0,0.6106,,0,1,1,1,1,0,1,2022-06-20 09:25:00+05:30,2022-06-20 09:30:00+05:30,2022-06-20 15:00:00+05:30,194.25,192.0625,198.18750000000003,2.45,EOD+
S671,WIPRO,2022-06-20 09:35:00+05:30,,,1,1.0,0.5135,93.94,-0.8113,0,0.5398,0.0,3,1,0,0,0,3,4,2022-06-20 09:50:00+05:30,2022-06-20 09:55:00+05:30,2022-06-20 15:00:00+05:30,194.8,192.21964285714287,199.4446428571429,1.9,EOD+
S672,WIPRO,2022-06-20 10:55:00+05:30,0.1668,0.1964,12,11.0,0.0257,71.43,1.8571,0,0.3456,,0,1,0,1,1,0,1,2022-06-20 10:55:00+05:30,2022-06-20 11:00:00+05:30,2022-06-20 15:00:00+05:30,195.15,193.44464285714287,198.21964285714284,1.55,EOD+
S673,WIPRO,2022-06-20 11:25:00+05:30,0.206,0.1077,5,4.0,0.2912,44.44,0.0526,0,0.3498,,0,0,0,1,1,0,1,2022-06-20 11:25:00+05:30,2022-06-20 11:30:00+05:30,2022-06-20 15:00:00+05:30,195.25,194.0267857142857,197.45178571428573,1.45,EOD+
S674,WIPRO,2022-06-20 11:35:00+05:30,0.1689,0.1972,0,,0.2574,42.86,-0.6,0,0.2048,,0,1,1,1,1,0,1,2022-06-20 11:35:00+05:30,2022-06-20 11:40:00+05:30,2022-06-20 15:00:00+05:30,195.55,194.3357142857143,197.73571428571432,1.15,EOD+
S675,WIPRO,2022-06-20 12:50:00+05:30,0.1745,0.1925,14,4.0,0.1242,50.0,0.8182,0,0.7235,,0,0,0,0,1,0,1,2022-06-20 12:50:00+05:30,2022-06-20 12:55:00+05:30,2022-06-20 15:00:00+05:30,196.35,194.68928571428572,199.3392857142857,0.35,EOD+
S676,WIPRO,2022-06-20 13:25:00+05:30,-0.0166,0.0776,0,,1.4602,41.67,-0.8454,0,1.0161,1.0,9,0,1,0,0,9,10,2022-06-20 14:10:00+05:30,2022-06-20 14:15:00+05:30,2022-06-20 15:00:00+05:30,196.65,194.98928571428573,199.6392857142857,0.05,EOD+
S677,WIPRO,2022-06-21 12:10:00+05:30,0.2181,0.2159,35,5.0,0.6015,57.14,0.0345,0,0.9412,,0,1,0,0,1,0,1,2022-06-21 12:10:00+05:30,2022-06-21 12:15:00+05:30,2022-06-21 15:00:00+05:30,202.9,201.69464285714287,205.06964285714287,-0.1,EOD-
S678,WIPRO,2022-06-21 12:20:00+05:30,0.149,0.244,0,,0.3781,40.0,0.0811,0,0.4233,,0,0,0,0,1,0,1,2022-06-21 12:20:00+05:30,2022-06-21 12:25:00+05:30,2022-06-21 15:00:00+05:30,203.0,201.77678571428572,205.2017857142857,-0.2,EOD-
S679,WIPRO,2022-06-21 12:30:00+05:30,0.101,0.1836,0,,0.3338,33.33,-0.3548,0,0.4603,,0,1,0,1,1,0,1,2022-06-21 12:30:00+05:30,2022-06-21 12:35:00+05:30,2022-06-21 15:00:00+05:30,203.1,201.93928571428572,205.1892857142857,-0.3,EOD-
S680,WIPRO,2022-06-21 12:40:00+05:30,0.096,0.1268,0,,0.0778,60.0,1.8571,0,0.5337,,0,0,0,1,1,0,1,2022-06-21 12:40:00+05:30,2022-06-21 12:45:00+05:30,2022-06-21 15:00:00+05:30,203.3,202.175,205.32500000000002,-0.5,EOD-
S681,WIPRO,2022-06-21 12:50:00+05:30,0.08,0.0985,1,1.0,0.6545,60.0,-0.3043,0,2.2044,1.0,4,0,0,0,0,4,5,2022-06-21 13:10:00+05:30,2022-06-21 13:15:00+05:30,2022-06-21 15:00:00+05:30,203.3,202.20178571428573,205.27678571428572,-0.5,EOD-
S682,WIPRO,2022-06-21 13:20:00+05:30,0.0074,0.0308,0,,0.4707,16.67,-0.4872,0,0.8712,1.0,4,0,0,1,0,4,5,2022-06-21 13:40:00+05:30,2022-06-21 13:45:00+05:30,2022-06-21 15:00:00+05:30,203.3,202.26428571428573,205.1642857142857,-0.5,EOD-
S683,WIPRO,2022-06-21 14:00:00+05:30,0.0222,-0.0566,2,1.0,0.0647,66.67,2.6364,0,0.7595,,0,0,0,1,1,0,1,2022-06-21 14:00:00+05:30,2022-06-21 14:05:00+05:30,2022-06-21 15:00:00+05:30,203.2,202.1375,205.1125,-0.4,EOD-
S684,WIPRO,2022-06-21 14:10:00+05:30,0.0246,0.0074,0,,0.7259,42.86,-0.4643,0,0.598,,0,0,0,1,1,0,1,2022-06-21 14:10:00+05:30,2022-06-21 14:15:00+05:30,2022-06-21 15:00:00+05:30,203.15,202.18571428571428,204.88571428571433,-0.35,EOD-
S685,WIPRO,2022-06-21 14:20:00+05:30,-0.0086,0.0234,0,,0.549,33.33,-0.75,0,0.5185,0.0,1,0,0,1,0,1,2,2022-06-21 14:25:00+05:30,2022-06-21 14:30:00+05:30,2022-06-21 15:00:00+05:30,203.15,202.2392857142857,204.78928571428574,-0.35,EOD-
S686,WIPRO,2022-06-22 09:50:00+05:30,-0.4684,,0,,2.7,0.0,-0.9588,0,0.8777,1.0,9,1,0,0,0,9,10,2022-06-22 10:35:00+05:30,2022-06-22 10:40:00+05:30,2022-06-22 12:35:00+05:30,200.0,197.75,204.05,-2.25,L
S687,WIPRO,2022-06-22 11:15:00+05:30,0.005,-0.2219,7,3.0,0.6517,66.67,-0.4074,0,0.9812,1.0,2,0,0,1,0,2,3,2022-06-22 11:25:00+05:30,2022-06-22 11:30:00+05:30,2022-06-22 12:30:00+05:30,199.7,198.40535714285713,202.03035714285713,-1.2946,L
S688,WIPRO,2022-06-22 11:45:00+05:30,0.0814,0.0401,3,2.0,0.1444,20.0,-0.2308,0,0.2513,,0,0,0,1,1,0,1,2022-06-22 11:45:00+05:30,2022-06-22 11:50:00+05:30,2022-06-22 12:30:00+05:30,199.65,198.525,201.675,-1.125,L
S689,WIPRO,2022-06-22 13:25:00+05:30,-0.3521,-0.2934,0,,2.9602,25.0,-0.9198,0,1.0744,1.0,9,0,0,1,0,9,10,2022-06-22 14:10:00+05:30,2022-06-22 14:15:00+05:30,2022-06-22 14:40:00+05:30,197.45,196.39642857142857,199.34642857142856,-1.0536,L
S690,WIPRO,2022-06-23 12:35:00+05:30,-0.2583,-0.2579,0,,2.1048,0.0,-0.8633,0,0.7543,1.0,9,1,0,0,0,9,10,2022-06-23 13:20:00+05:30,2022-06-23 13:25:00+05:30,2022-06-23 14:45:00+05:30,197.8,196.4964285714286,200.14642857142857,2.3464,W
S691,WIPRO,2022-06-27 11:10:00+05:30,-0.0833,0.318,0,,2.0394,62.5,-0.8919,0,0.7021,1.0,9,0,0,0,0,9,10,2022-06-27 11:55:00+05:30,2022-06-27 12:00:00+05:30,2022-06-27 15:00:00+05:30,203.75,202.61607142857142,205.79107142857148,-0.15,EOD-
S692,WIPRO,2022-06-27 12:05:00+05:30,-0.0773,-0.1055,0,,0.0746,50.0,0.5385,0,0.8177,,0,0,0,0,1,0,1,2022-06-27 12:05:00+05:30,2022-06-27 12:10:00+05:30,2022-06-27 15:00:00+05:30,203.8,202.7107142857143,205.7607142857143,-0.2,EOD-
S693,WIPRO,2022-06-27 12:15:00+05:30,-0.086,-0.081,1,1.0,0.2191,42.86,0.1111,0,0.506,,0,1,0,1,1,0,1,2022-06-27 12:15:00+05:30,2022-06-27 12:20:00+05:30,2022-06-27 15:00:00+05:30,203.5,202.47321428571428,205.3482142857143,0.1,EOD+
S694,WIPRO,2022-06-27 12:25:00+05:30,-0.0762,-0.081,0,,0.0178,22.22,12.3333,0,0.6538,,0,1,0,1,1,0,1,2022-06-27 12:25:00+05:30,2022-06-27 12:30:00+05:30,2022-06-27 15:00:00+05:30,203.6,202.54642857142858,205.49642857142857,0.0,EOD-
S695,WIPRO,2022-06-27 12:50:00+05:30,0.0503,-0.0246,3,1.0,0.0292,0.0,9.0,0,0.5136,,0,1,0,0,1,0,1,2022-06-27 12:50:00+05:30,2022-06-27 12:55:00+05:30,2022-06-27 15:00:00+05:30,203.7,202.84285714285713,205.24285714285713,-0.1,EOD-
S696,WIPRO,2022-06-27 13:00:00+05:30,0.0565,0.0368,1,1.0,0.137,50.0,1.2222,0,0.8181,,0,1,0,1,1,0,1,2022-06-27 13:00:00+05:30,2022-06-27 13:05:00+05:30,2022-06-27 15:00:00+05:30,203.7,202.8785714285714,205.17857142857144,-0.1,EOD-
S697,WIPRO,2022-06-27 13:10:00+05:30,0.0381,0.0626,0,,0.4553,54.55,-0.403,0,0.7464,0.0,1,0,0,1,0,1,2,2022-06-27 13:15:00+05:30,2022-06-27 13:20:00+05:30,2022-06-27 14:15:00+05:30,204.1,203.18035714285713,205.75535714285715,-0.9196,L
S698,WIPRO,2022-06-27 13:50:00+05:30,0.0368,0.0675,6,4.0,0.0,40.0,,1,0.4592,,0,1,0,1,1,0,1,2022-06-27 13:50:00+05:30,2022-06-27 13:55:00+05:30,2022-06-27 15:00:00+05:30,203.9,202.9625,205.5875,-0.9375,L
S699,WIPRO,2022-06-28 10:05:00+05:30,-0.4853,-0.4343,0,,3.3856,71.43,-1.0,0,0.5367,0.0,9,0,0,0,0,9,10,2022-06-28 10:50:00+05:30,2022-06-28 10:55:00+05:30,2022-06-28 15:00:00+05:30,199.95,198.09285714285713,203.29285714285714,3.3429,W
S700,WIPRO,2022-06-28 12:20:00+05:30,0.1507,0.2057,16,6.0,0.2953,25.0,2.7037,0,0.9898,,0,0,0,1,1,0,1,2022-06-28 12:20:00+05:30,2022-06-28 12:25:00+05:30,2022-06-28 15:00:00+05:30,201.3,200.15714285714287,203.35714285714286,2.0571,W
S701,WIPRO,2022-06-28 12:55:00+05:30,0.1789,0.1828,6,3.0,0.0778,92.86,-1.0,0,0.6702,0.0,6,1,1,1,0,6,7,2022-06-28 13:25:00+05:30,2022-06-28 13:30:00+05:30,2022-06-28 15:00:00+05:30,201.5,200.37499999999997,203.52500000000003,2.025,W
S702,WIPRO,2022-06-28 13:45:00+05:30,0.0583,0.0236,3,3.0,0.0929,33.33,5.1538,0,0.5477,,0,0,0,1,1,0,1,2022-06-28 13:45:00+05:30,2022-06-28 13:50:00+05:30,2022-06-28 15:00:00+05:30,201.7,200.825,203.275,1.575,W
S703,WIPRO,2022-06-28 14:00:00+05:30,0.0608,0.0583,2,2.0,0.4065,50.0,0.1111,0,0.4604,,0,1,0,1,1,0,1,2022-06-28 14:00:00+05:30,2022-06-28 14:05:00+05:30,2022-06-28 14:40:00+05:30,201.5,200.66964285714283,202.99464285714288,1.4946,W
S704,WIPRO,2022-06-28 14:25:00+05:30,0.0223,0.0459,3,2.0,0.3677,33.33,1.3077,0,2.8744,,0,1,1,0,1,0,1,2022-06-28 14:25:00+05:30,2022-06-28 14:30:00+05:30,2022-06-28 15:00:00+05:30,201.8,200.91607142857146,203.39107142857142,1.5911,W
S705,WIPRO,2022-06-29 10:00:00+05:30,0.0259,-0.0049,0,,0.6851,60.0,-0.7101,0,0.2929,0.0,9,0,0,0,0,9,10,2022-06-29 10:45:00+05:30,2022-06-29 10:50:00+05:30,2022-06-29 15:00:00+05:30,201.8,199.28214285714287,206.33214285714288,1.1,EOD+
S706,WIPRO,2022-06-29 10:55:00+05:30,-0.2293,-0.2551,0,,0.4795,33.33,-0.5402,0,0.3391,1.0,1,1,0,1,0,1,2,2022-06-29 11:00:00+05:30,2022-06-29 11:05:00+05:30,2022-06-29 15:00:00+05:30,201.9,200.76607142857142,203.94107142857146,1.0,EOD+
S707,WIPRO,2022-06-29 12:05:00+05:30,0.073,0.0668,12,6.0,0.8948,54.55,-0.1935,0,5.4553,1.0,1,1,0,0,0,1,2,2022-06-29 12:10:00+05:30,2022-06-29 12:15:00+05:30,2022-06-29 15:00:00+05:30,202.2,201.33392857142857,203.75892857142853,0.7,EOD+
S708,WIPRO,2022-06-29 12:25:00+05:30,0.026,0.0556,0,,1.1391,20.0,-0.7765,0,1.637,0.0,9,0,0,0,0,9,10,2022-06-29 13:10:00+05:30,2022-06-29 13:15:00+05:30,2022-06-29 15:00:00+05:30,202.5,201.51785714285717,204.2678571428571,-0.9821,L
S709,WIPRO,2022-06-29 13:30:00+05:30,-0.0111,-0.0384,3,3.0,0.6039,18.18,1.0455,0,0.7661,,0,0,0,0,1,0,1,2022-06-29 13:30:00+05:30,2022-06-29 13:35:00+05:30,2022-06-29 15:00:00+05:30,202.4,201.48928571428573,204.0392857142857,0.5,EOD+
S710,WIPRO,2022-06-29 13:45:00+05:30,-0.0012,-0.0111,1,1.0,0.5692,72.73,-0.3103,0,0.4468,0.0,3,1,1,1,0,3,4,2022-06-29 14:00:00+05:30,2022-06-29 14:05:00+05:30,2022-06-29 15:00:00+05:30,202.2,201.24464285714285,203.91964285714283,0.7,EOD+
S711,WIPRO,2022-06-29 14:20:00+05:30,0.0606,0.0,3,1.0,0.2011,83.33,-0.2,0,0.3718,0.0,1,0,0,1,0,1,2,2022-06-29 14:25:00+05:30,2022-06-29 14:30:00+05:30,2022-06-29 15:00:00+05:30,202.3,201.5232142857143,203.69821428571433,-0.7768,L
S712,WIPRO,2022-06-30 09:15:00+05:30,,,0,,0.9503,35.0,-0.313,0,1.2894,,0,0,0,0,1,0,1,2022-06-30 09:15:00+05:30,2022-06-30 09:20:00+05:30,2022-06-30 10:15:00+05:30,202.0,200.27678571428572,205.1017857142857,-1.7232,L
S713,WIPRO,2022-06-30 12:20:00+05:30,-0.187,-0.1592,0,,1.8934,66.67,-1.0,0,2.6108,1.0,9,1,0,0,0,9,10,2022-06-30 13:05:00+05:30,2022-06-30 13:10:00+05:30,2022-06-30 15:00:00+05:30,199.15,198.0607142857143,201.11071428571427,0.35,EOD+
S714,WIPRO,2022-06-30 14:30:00+05:30,0.1729,0.168,16,3.0,0.4598,58.33,0.194,0,0.9937,,0,1,0,0,1,0,1,2022-06-30 14:30:00+05:30,2022-06-30 14:35:00+05:30,2022-06-30 15:00:00+05:30,199.6,198.68928571428572,201.23928571428567,-0.1,EOD-
S715,WIPRO,2022-07-01 09:15:00+05:30,,,0,,3.7199,53.7,-0.5657,0,2.4514,,0,0,0,0,1,0,1,2022-07-01 09:15:00+05:30,2022-07-01 09:20:00+05:30,2022-07-01 09:35:00+05:30,199.7,198.30714285714285,202.20714285714283,-1.3929,L
S716,WIPRO,2022-07-01 10:25:00+05:30,-0.2978,-0.2594,0,,1.692,57.14,-0.8753,0,0.83,1.0,9,1,0,1,0,9,10,2022-07-01 11:10:00+05:30,2022-07-01 11:15:00+05:30,2022-07-01 15:00:00+05:30,198.05,196.2732142857143,201.2482142857143,2.9,EOD+
S717,WIPRO,2022-07-04 09:55:00+05:30,-0.0885,-0.0349,0,,1.9124,66.67,-0.965,0,0.4712,0.0,9,1,0,1,0,9,10,2022-07-04 10:40:00+05:30,2022-07-04 10:45:00+05:30,2022-07-04 15:00:00+05:30,199.9,198.03392857142856,203.25892857142858,0.8,EOD+
S718,WIPRO,2022-07-04 12:10:00+05:30,0.1694,0.2431,17,5.0,0.0,20.0,,1,0.4759,,0,1,0,1,1,0,1,2022-07-04 12:10:00+05:30,2022-07-04 12:15:00+05:30,2022-07-04 15:00:00+05:30,200.8,200.03214285714284,202.18214285714288,-0.1,EOD-
S719,WIPRO,2022-07-04 12:20:00+05:30,0.132,0.2006,0,,0.3129,50.0,0.0526,0,0.2993,,0,0,0,1,1,0,1,2022-07-04 12:20:00+05:30,2022-07-04 12:25:00+05:30,2022-07-04 15:00:00+05:30,200.8,200.04107142857143,202.16607142857146,-0.1,EOD-
S720,WIPRO,2022-07-04 12:50:00+05:30,0.0199,0.0834,0,,1.8462,0.0,-0.6667,0,0.5169,0.0,9,1,0,1,0,9,10,2022-07-04 13:35:00+05:30,2022-07-04 13:40:00+05:30,2022-07-04 15:00:00+05:30,200.65,199.8375,202.1125,0.05,EOD+
S721,WIPRO,2022-07-04 13:45:00+05:30,-0.0561,-0.0885,0,,0.4766,63.64,-1.0,0,0.6051,0.0,4,0,0,1,0,4,5,2022-07-04 14:05:00+05:30,2022-07-04 14:10:00+05:30,2022-07-04 15:00:00+05:30,200.6,199.76071428571427,202.11071428571427,0.1,EOD+
S722,WIPRO,2022-07-05 09:15:00+05:30,,,0,,0.1766,3.85,6.8571,0,3.8305,,0,1,0,0,1,0,1,2022-07-05 09:15:00+05:30,2022-07-05 09:20:00+05:30,2022-07-05 12:40:00+05:30,201.3,200.30892857142857,203.0839285714286,-0.9911,L
S723,WIPRO,2022-07-05 09:35:00+05:30,,,3,2.0,0.465,30.77,0.7204,0,1.1211,,0,1,0,1,1,0,1,2022-07-05 09:35:00+05:30,2022-07-05 09:40:00+05:30,2022-07-05 13:40:00+05:30,201.1,199.85,203.35000000000002,-1.25,L
S724,WIPRO,2022-07-05 10:45:00+05:30,0.1004,0.1067,13,12.0,0.0,16.67,,1,0.5893,,0,1,0,0,1,0,1,2022-07-05 10:45:00+05:30,2022-07-05 10:50:00+05:30,2022-07-05 11:10:00+05:30,201.65,200.75714285714287,203.25714285714287,-0.8929,L
S725,WIPRO,2022-07-06 09:15:00+05:30,,,0,,0.0762,86.11,5.25,0,2.8159,,0,1,0,0,1,0,1,2022-07-06 09:15:00+05:30,2022-07-06 09:20:00+05:30,2022-07-06 15:00:00+05:30,198.45,197.1375,200.8125,0.3,EOD+
S726,WIPRO,2022-07-06 09:35:00+05:30,,,3,3.0,0.2614,86.67,-1.0,0,1.1055,1.0,2,1,1,0,0,2,3,2022-07-06 09:45:00+05:30,2022-07-06 09:50:00+05:30,2022-07-06 15:00:00+05:30,198.6,197.11785714285713,201.26785714285717,0.15,EOD+
S727,WIPRO,2022-07-06 11:00:00+05:30,0.127,0.1811,14,9.0,0.6484,83.33,-0.646,0,0.8345,0.0,3,0,0,0,0,3,4,2022-07-06 11:15:00+05:30,2022-07-06 11:20:00+05:30,2022-07-06 11:30:00+05:30,199.0,197.91071428571428,200.9607142857143,-1.0893,L
S728,WIPRO,2022-07-06 11:35:00+05:30,-0.0101,0.049,0,,3.2547,66.67,-0.9632,0,0.4404,0.0,9,0,0,1,0,9,10,2022-07-06 12:20:00+05:30,2022-07-06 12:25:00+05:30,2022-07-06 15:00:00+05:30,198.5,197.45535714285714,200.38035714285715,0.25,EOD+
S729,WIPRO,2022-07-06 13:30:00+05:30,0.1534,0.1434,12,5.0,0.4008,60.0,-0.4366,0,0.6795,0.0,1,0,0,0,0,1,2,2022-07-06 13:35:00+05:30,2022-07-06 13:40:00+05:30,2022-07-06 14:10:00+05:30,199.0,197.89285714285714,200.99285714285713,-1.1071,L
S730,WIPRO,2022-07-07 10:30:00+05:30,0.3741,0.4247,15,10.0,0.3383,25.0,1.069,0,0.6239,,0,1,0,0,1,0,1,2022-07-07 10:30:00+05:30,2022-07-07 10:35:00+05:30,2022-07-07 14:00:00+05:30,201.3,200.22857142857146,203.22857142857143,-1.0714,L
S731,WIPRO,2022-07-07 11:00:00+05:30,0.1538,0.3077,0,,1.7804,25.0,-0.9145,0,0.2557,0.0,9,0,0,1,0,9,10,2022-07-07 11:45:00+05:30,2022-07-07 11:50:00+05:30,2022-07-07 13:15:00+05:30,201.3,200.47857142857143,202.77857142857144,-0.8214,L
S732,WIPRO,2022-07-07 11:55:00+05:30,-0.0485,-0.0956,0,,0.7862,62.5,-0.1781,0,0.9733,,0,0,1,0,1,0,1,2022-07-07 11:55:00+05:30,2022-07-07 12:00:00+05:30,2022-07-07 12:10:00+05:30,201.5,200.91964285714286,202.54464285714286,-0.5804,L
S733,WIPRO,2022-07-07 12:05:00+05:30,-0.046,-0.0609,0,,0.8379,57.14,-0.4937,0,1.4304,1.0,2,0,0,0,0,2,3,2022-07-07 12:15:00+05:30,2022-07-07 12:20:00+05:30,2022-07-07 13:15:00+05:30,201.2,200.61071428571427,202.2607142857143,-0.5893,L
S734,WIPRO,2022-07-08 10:30:00+05:30,0.1363,0.1574,15,15.0,0.2957,9.09,3.0816,0,1.034,,0,0,0,0,1,0,1,2022-07-08 10:30:00+05:30,2022-07-08 10:35:00+05:30,2022-07-08 11:25:00+05:30,202.2,201.1642857142857,204.0642857142857,-1.0357,L
S735,WIPRO,2022-07-08 12:15:00+05:30,-0.1738,-0.1253,0,,2.3204,71.43,-1.0,0,0.3017,0.0,9,0,0,1,0,9,10,2022-07-08 13:00:00+05:30,2022-07-08 13:05:00+05:30,2022-07-08 14:20:00+05:30,200.85,199.88571428571427,202.58571428571432,-0.9643,L
S736,WIPRO,2022-07-08 13:10:00+05:30,-0.0672,-0.1568,0,,0.7519,0.0,-0.0805,0,1.2825,1.0,5,1,0,1,0,5,6,2022-07-08 13:35:00+05:30,2022-07-08 13:40:00+05:30,2022-07-08 13:55:00+05:30,200.9,200.1767857142857,202.20178571428573,-0.7232,L
S737,WIPRO,2022-07-11 10:05:00+05:30,-0.5192,-0.6148,0,,2.1024,16.67,-0.9309,0,0.3446,1.0,9,0,0,1,0,9,10,2022-07-11 10:50:00+05:30,2022-07-11 10:55:00+05:30,2022-07-11 15:00:00+05:30,195.55,192.96964285714287,200.19464285714287,0.8,EOD+
S738,WIPRO,2022-07-11 11:30:00+05:30,0.1418,0.1508,7,4.0,0.2217,60.0,2.1579,0,0.8258,,0,0,0,0,1,0,1,2022-07-11 11:30:00+05:30,2022-07-11 11:35:00+05:30,2022-07-11 15:00:00+05:30,196.3,195.22857142857143,198.22857142857148,0.05,EOD+
S739,WIPRO,2022-07-11 11:50:00+05:30,0.0804,0.1162,3,3.0,0.0488,25.0,12.3333,0,0.5118,,0,0,0,0,1,0,1,2022-07-11 11:50:00+05:30,2022-07-11 11:55:00+05:30,2022-07-11 15:00:00+05:30,196.15,194.99821428571425,198.22321428571433,0.2,EOD+
S740,WIPRO,2022-07-11 12:00:00+05:30,0.0664,0.074,1,1.0,0.8669,90.91,-0.8758,0,1.4172,1.0,1,0,0,0,0,1,2,2022-07-11 12:05:00+05:30,2022-07-11 12:10:00+05:30,2022-07-11 15:00:00+05:30,195.95,194.78928571428568,198.03928571428574,0.4,EOD+
S741,WIPRO,2022-07-11 12:15:00+05:30,0.0485,0.0664,0,,0.9278,33.33,-0.7605,0,0.9421,1.0,6,0,1,1,0,6,7,2022-07-11 12:45:00+05:30,2022-07-11 12:50:00+05:30,2022-07-11 15:00:00+05:30,196.15,195.025,198.17500000000004,0.2,EOD+
S742,WIPRO,2022-07-11 14:25:00+05:30,0.1146,0.1223,19,8.0,1.5638,83.33,-0.8095,0,1.1311,0.0,1,1,0,0,0,1,2,2022-07-11 14:30:00+05:30,2022-07-11 14:35:00+05:30,2022-07-11 15:00:00+05:30,196.4,195.56071428571428,197.9107142857143,-0.05,EOD-
S743,WIPRO,2022-07-12 09:15:00+05:30,,,0,,2.9964,57.89,-0.6975,0,2.3228,,0,1,0,0,1,0,1,2022-07-12 09:15:00+05:30,2022-07-12 09:20:00+05:30,2022-07-12 15:00:00+05:30,196.55,195.30892857142857,198.78392857142862,-1.0,EOD-
S744,WIPRO,2022-07-12 10:15:00+05:30,0.1142,0.1422,10,8.0,0.3815,60.0,-0.1753,0,0.5673,1.0,3,0,1,0,0,3,4,2022-07-12 10:30:00+05:30,2022-07-12 10:35:00+05:30,2022-07-12 12:25:00+05:30,197.45,195.8607142857143,200.31071428571425,-1.5893,L
S745,WIPRO,2022-07-12 10:40:00+05:30,0.0786,0.085,0,,0.5372,33.33,-0.3939,0,0.4058,1.0,3,0,0,1,0,3,4,2022-07-12 10:55:00+05:30,2022-07-12 11:00:00+05:30,2022-07-12 12:20:00+05:30,197.45,196.2982142857143,199.52321428571426,-1.1518,L
S746,WIPRO,2022-07-12 11:05:00+05:30,0.0633,0.0773,0,,0.7707,12.5,-0.4495,0,0.406,1.0,2,0,0,1,0,2,3,2022-07-12 11:15:00+05:30,2022-07-12 11:20:00+05:30,2022-07-12 12:20:00+05:30,197.3,196.41607142857146,198.89107142857142,-0.8839,L
S747,WIPRO,2022-07-12 11:25:00+05:30,-0.0266,0.0431,0,,0.6467,85.71,-0.7647,0,3.5606,,0,1,0,0,1,0,1,2022-07-12 11:25:00+05:30,2022-07-12 11:30:00+05:30,2022-07-12 12:20:00+05:30,197.4,196.57857142857145,198.8785714285714,-0.8214,L
S748,WIPRO,2022-07-12 11:35:00+05:30,-0.0469,-0.019,0,,0.4885,77.78,-0.7015,0,0.5008,0.0,5,1,0,1,0,5,6,2022-07-12 12:00:00+05:30,2022-07-12 12:05:00+05:30,2022-07-12 12:20:00+05:30,197.3,196.44285714285715,198.84285714285713,-0.8571,L
S749,WIPRO,2022-07-12 13:05:00+05:30,-0.201,-0.1664,0,,3.2735,87.5,-0.9581,0,0.5345,0.0,9,0,0,0,0,9,10,2022-07-12 13:50:00+05:30,2022-07-12 13:55:00+05:30,2022-07-12 15:00:00+05:30,195.95,195.0392857142857,197.5892857142857,-0.4,EOD-
S750,WIPRO,2022-07-12 14:00:00+05:30,-0.1545,-0.1952,0,,0.3706,25.0,-0.1111,0,0.5046,,0,1,0,1,1,0,1,2022-07-12 14:00:00+05:30,2022-07-12 14:05:00+05:30,2022-07-12 15:00:00+05:30,195.8,195.04107142857143,197.16607142857146,-0.25,EOD-
S751,WIPRO,2022-07-13 09:15:00+05:30,,,0,,0.5091,84.0,-0.1667,0,1.5299,0.0,1,0,1,0,0,1,2,2022-07-13 09:20:00+05:30,2022-07-13 09:25:00+05:30,2022-07-13 10:35:00+05:30,196.45,195.27142857142854,198.57142857142858,-1.1786,L
S752,WIPRO,2022-07-13 09:30:00+05:30,,,1,1.0,0.4283,12.5,0.0753,0,1.4032,,0,1,0,0,1,0,1,2022-07-13 09:30:00+05:30,2022-07-13 09:35:00+05:30,2022-07-13 12:55:00+05:30,195.95,194.5928571428571,198.39285714285717,-1.3571,L
S753,WIPRO,2022-07-13 10:05:00+05:30,0.0255,0.0344,5,2.0,0.0248,33.33,11.0,0,0.6054,,0,0,0,1,1,0,1,2022-07-13 10:05:00+05:30,2022-07-13 10:10:00+05:30,2022-07-13 12:45:00+05:30,196.15,194.89107142857142,198.41607142857146,-1.2589,L
S754,WIPRO,2022-07-13 10:50:00+05:30,0.0038,-0.0281,0,,1.7871,33.33,-0.6313,0,2.3053,1.0,9,1,1,1,0,9,10,2022-07-13 11:35:00+05:30,2022-07-13 11:40:00+05:30,2022-07-13 12:45:00+05:30,195.7,194.94107142857143,197.06607142857138,-0.7589,L
S755,WIPRO,2022-07-13 13:15:00+05:30,-0.159,-0.1089,0,,3.6282,0.0,-0.7826,0,0.6572,1.0,9,1,0,1,0,9,10,2022-07-13 14:00:00+05:30,2022-07-13 14:05:00+05:30,2022-07-13 15:00:00+05:30,194.65,194.01607142857142,195.79107142857143,-0.1,EOD-
S756,WIPRO,2022-07-14 09:25:00+05:30,,,2,2.0,0.677,84.62,-0.661,0,1.0949,0.0,1,1,0,0,0,1,2,2022-07-14 09:30:00+05:30,2022-07-14 09:35:00+05:30,2022-07-14 13:40:00+05:30,194.7,193.61071428571427,196.66071428571428,-1.0893,L
S757,WIPRO,2022-07-14 11:15:00+05:30,-0.018,-0.0167,0,,1.347,28.57,-0.5276,0,0.6045,0.0,9,1,0,1,0,9,10,2022-07-14 12:00:00+05:30,2022-07-14 12:05:00+05:30,2022-07-14 13:15:00+05:30,194.85,194.2607142857143,195.91071428571428,-0.5893,L
S758,WIPRO,2022-07-14 12:35:00+05:30,0.0346,0.0077,6,4.0,0.6509,100.0,-1.0,0,0.641,0.0,2,0,0,0,0,2,3,2022-07-14 12:45:00+05:30,2022-07-14 12:50:00+05:30,2022-07-14 13:15:00+05:30,194.9,194.39107142857145,195.81607142857143,-0.5089,L
S759,WIPRO,2022-07-15 09:15:00+05:30,,,0,,1.8667,73.33,-0.7143,0,2.023,,0,0,0,0,1,0,1,2022-07-15 09:15:00+05:30,2022-07-15 09:20:00+05:30,2022-07-15 09:25:00+05:30,192.75,191.8125,194.4375,-0.9375,L
S760,WIPRO,2022-07-15 12:15:00+05:30,-0.181,-0.1942,0,,1.7385,16.67,-0.823,0,0.6978,1.0,9,1,0,1,0,9,10,2022-07-15 13:00:00+05:30,2022-07-15 13:05:00+05:30,2022-07-15 15:00:00+05:30,187.35,186.5375,188.8125,0.55,EOD+
S761,WIPRO,2022-07-15 13:25:00+05:30,-0.032,-0.048,3,3.0,0.033,33.33,7.0,0,0.6176,,0,0,0,1,1,0,1,2022-07-15 13:25:00+05:30,2022-07-15 13:30:00+05:30,2022-07-15 15:00:00+05:30,187.4,186.45357142857142,189.10357142857146,0.5,EOD+
S762,WIPRO,2022-07-15 13:35:00+05:30,-0.0414,-0.0294,0,,0.4821,100.0,-1.0,0,0.5095,,0,0,0,1,1,0,1,2022-07-15 13:35:00+05:30,2022-07-15 13:40:00+05:30,2022-07-15 15:00:00+05:30,187.45,186.5035714285714,189.15357142857144,0.45,EOD+
S763,WIPRO,2022-07-15 13:45:00+05:30,-0.0173,-0.0427,0,,0.5883,66.67,-1.0,0,0.5576,1.0,1,1,0,1,0,1,2,2022-07-15 13:50:00+05:30,2022-07-15 13:55:00+05:30,2022-07-15 15:00:00+05:30,187.5,186.66071428571428,189.0107142857143,0.4,EOD+
S764,WIPRO,2022-07-18 11:10:00+05:30,0.2818,0.5213,23,13.0,0.0,25.0,,1,0.2979,,0,0,0,1,1,0,1,2022-07-18 11:10:00+05:30,2022-07-18 11:15:00+05:30,2022-07-18 15:00:00+05:30,192.55,191.6214285714286,194.22142857142856,0.7,EOD+
S765,WIPRO,2022-07-18 11:20:00+05:30,0.17,0.3741,0,,0.595,0.0,-0.7059,0,0.8056,1.0,8,1,1,0,0,8,9,2022-07-18 12:00:00+05:30,2022-07-18 12:05:00+05:30,2022-07-18 15:00:00+05:30,192.75,192.0357142857143,194.03571428571425,0.5,EOD+
S766,WIPRO,2022-07-18 12:50:00+05:30,0.0234,0.0234,9,7.0,0.0,0.0,,1,1.2912,,0,0,0,0,1,0,1,2022-07-18 12:50:00+05:30,2022-07-18 12:55:00+05:30,2022-07-18 15:00:00+05:30,192.7,191.8875,194.1625,0.55,EOD+
S767,WIPRO,2022-07-18 13:05:00+05:30,0.0234,0.0234,2,1.0,0.1071,75.0,-1.0,0,1.0224,1.0,2,0,0,0,0,2,3,2022-07-18 13:15:00+05:30,2022-07-18 13:20:00+05:30,2022-07-18 15:00:00+05:30,192.7,191.9410714285714,194.0660714285714,0.55,EOD+
S768,WIPRO,2022-07-18 13:25:00+05:30,0.0519,0.0324,0,,0.8653,0.0,-0.5506,0,1.0402,1.0,6,0,0,1,0,6,7,2022-07-18 13:55:00+05:30,2022-07-18 14:00:00+05:30,2022-07-18 15:00:00+05:30,192.7,192.05714285714285,193.85714285714283,0.55,EOD+
S769,WIPRO,2022-07-18 14:05:00+05:30,-0.0195,0.0026,0,,0.4968,25.0,0.3636,0,0.9124,,0,0,0,0,1,0,1,2022-07-18 14:05:00+05:30,2022-07-18 14:10:00+05:30,2022-07-18 15:00:00+05:30,192.75,192.19642857142858,193.74642857142854,0.5,EOD+
S770,WIPRO,2022-07-18 14:15:00+05:30,-0.0117,-0.0221,1,1.0,0.025,50.0,9.0,0,0.7772,,0,1,0,1,1,0,1,2022-07-18 14:15:00+05:30,2022-07-18 14:20:00+05:30,2022-07-18 15:00:00+05:30,192.7,192.2,193.59999999999997,0.55,EOD+
S771,WIPRO,2022-07-18 14:25:00+05:30,-0.0065,-0.0143,0,,0.2333,66.67,0.1111,0,0.9323,,0,1,0,0,1,0,1,2022-07-18 14:25:00+05:30,2022-07-18 14:30:00+05:30,2022-07-18 15:00:00+05:30,192.65,192.16785714285714,193.51785714285714,0.6,EOD+
S772,WIPRO,2022-07-19 09:15:00+05:30,,,0,,3.5072,46.43,-0.3827,0,3.9466,,0,0,0,0,1,0,1,2022-07-19 09:15:00+05:30,2022-07-19 09:20:00+05:30,2022-07-19 10:50:00+05:30,193.2,192.33392857142857,194.75892857142856,1.5589,W
S773,WIPRO,2022-07-19 09:25:00+05:30,,,0,,0.3655,33.33,-0.661,0,1.2889,,0,1,0,1,1,0,1,2022-07-19 09:25:00+05:30,2022-07-19 09:30:00+05:30,2022-07-19 15:00:00+05:30,193.15,192.14107142857145,194.9660714285714,0.45,EOD+
S774,WIPRO,2022-07-19 09:35:00+05:30,,,0,,0.8637,57.14,-0.6078,0,0.5433,0.0,1,1,0,1,0,1,2,2022-07-19 09:40:00+05:30,2022-07-19 09:45:00+05:30,2022-07-19 15:00:00+05:30,193.25,192.14285714285714,195.24285714285713,0.35,EOD+
S775,WIPRO,2022-07-19 11:15:00+05:30,0.1751,0.1456,18,5.0,0.133,62.5,0.0526,0,0.4838,,0,0,0,0,1,0,1,2022-07-19 11:15:00+05:30,2022-07-19 11:20:00+05:30,2022-07-19 11:25:00+05:30,194.2,193.30714285714285,195.80714285714285,-0.8929,L
S776,WIPRO,2022-07-19 12:00:00+05:30,-0.1444,-0.1031,0,,2.2213,0.0,-0.8015,0,1.1323,1.0,9,0,0,1,0,9,10,2022-07-19 12:45:00+05:30,2022-07-19 12:50:00+05:30,2022-07-19 15:00:00+05:30,193.55,192.41607142857143,195.59107142857144,0.05,EOD+
S777,WIPRO,2022-07-19 13:05:00+05:30,-0.0906,-0.1617,3,2.0,0.2782,33.33,0.2903,0,0.6972,,0,0,0,1,1,0,1,2022-07-19 13:05:00+05:30,2022-07-19 13:10:00+05:30,2022-07-19 14:15:00+05:30,193.25,192.55357142857142,194.50357142857143,-0.6964,L
S778,WIPRO,2022-07-19 13:15:00+05:30,-0.0595,-0.1177,0,,0.9553,62.5,-0.8276,0,0.7378,,0,0,0,1,1,0,1,2022-07-19 13:15:00+05:30,2022-07-19 13:20:00+05:30,2022-07-19 15:00:00+05:30,193.15,192.39107142857142,194.51607142857142,0.45,EOD+
S779,WIPRO,2022-07-19 13:25:00+05:30,-0.022,-0.0776,0,,1.3543,25.0,-0.4382,0,0.5614,0.0,1,0,0,0,0,1,2,2022-07-19 13:30:00+05:30,2022-07-19 13:35:00+05:30,2022-07-19 15:00:00+05:30,193.25,192.42857142857142,194.72857142857143,0.35,EOD+
S780,WIPRO,2022-07-19 13:40:00+05:30,0.0272,-0.022,0,,0.291,100.0,-1.0,0,0.8852,,0,0,0,1,1,0,1,2022-07-19 13:40:00+05:30,2022-07-19 13:45:00+05:30,2022-07-19 14:15:00+05:30,193.4,192.60535714285714,194.83035714285717,-0.7946,L
S781,WIPRO,2022-07-19 13:50:00+05:30,0.0233,0.0116,0,,0.9022,33.33,-0.4828,0,1.3809,1.0,8,1,0,0,0,8,9,2022-07-19 14:30:00+05:30,2022-07-19 14:35:00+05:30,2022-07-19 15:00:00+05:30,193.15,192.3464285714286,194.5964285714286,0.45,EOD+
S782,WIPRO,2022-07-20 10:05:00+05:30,0.2938,0.3867,10,7.0,0.374,38.46,0.4679,0,1.1617,,0,1,0,0,1,0,1,2022-07-20 10:05:00+05:30,2022-07-20 10:10:00+05:30,2022-07-20 12:05:00+05:30,195.0,193.17857142857144,198.27857142857138,3.2786,W
S783,WIPRO,2022-07-20 10:15:00+05:30,0.2333,0.335,1,1.0,0.0,100.0,,1,0.5933,,0,1,0,0,1,0,1,2022-07-20 10:15:00+05:30,2022-07-20 10:20:00+05:30,2022-07-20 12:15:00+05:30,195.45,193.65535714285716,198.6803571428571,3.2304,W
S784,WIPRO,2022-07-20 10:50:00+05:30,0.2223,0.215,6,3.0,0.3009,25.0,-0.1304,0,0.9353,1.0,1,1,1,1,0,1,2,2022-07-20 10:55:00+05:30,2022-07-20 11:00:00+05:30,2022-07-20 11:40:00+05:30,196.0,195.04464285714286,197.71964285714284,1.7196,W
S785,WIPRO,2022-07-20 12:55:00+05:30,0.3621,0.4173,23,5.0,0.0627,10.0,10.6667,0,0.7777,,0,0,1,0,1,0,1,2022-07-20 12:55:00+05:30,2022-07-20 13:00:00+05:30,2022-07-20 14:20:00+05:30,198.55,197.35357142857143,200.70357142857148,-1.1964,L
S786,WIPRO,2022-07-20 13:10:00+05:30,0.237,0.3621,0,,1.8816,40.0,-0.9472,0,0.5943,0.0,9,1,0,1,0,9,10,2022-07-20 13:55:00+05:30,2022-07-20 14:00:00+05:30,2022-07-20 14:20:00+05:30,198.5,197.24107142857142,200.76607142857145,-1.2589,L
S787,WIPRO,2022-07-21 09:15:00+05:30,,,0,,5.861,16.67,-0.5181,0,2.5416,0.0,6,1,1,0,0,6,7,2022-07-21 09:45:00+05:30,2022-07-21 09:50:00+05:30,2022-07-21 15:00:00+05:30,196.35,194.3142857142857,200.01428571428573,0.85,EOD+
S788,WIPRO,2022-07-21 11:05:00+05:30,0.2864,0.1271,15,13.0,0.963,26.67,-0.2437,0,0.7927,,0,1,1,0,1,0,1,2022-07-21 11:05:00+05:30,2022-07-21 11:10:00+05:30,2022-07-21 15:00:00+05:30,197.35,195.80535714285716,200.13035714285712,-0.15,EOD-
S789,WIPRO,2022-07-21 11:30:00+05:30,0.3121,0.4364,0,,0.9315,0.0,-1.0,0,0.5921,1.0,9,0,0,0,0,9,10,2022-07-21 12:15:00+05:30,2022-07-21 12:20:00+05:30,2022-07-21 15:00:00+05:30,197.4,196.29285714285717,199.39285714285714,-0.2,EOD-
S790,WIPRO,2022-07-21 12:25:00+05:30,-0.0887,-0.1532,0,,1.2688,40.0,-0.3103,0,0.8062,,0,1,0,1,1,0,1,2022-07-21 12:25:00+05:30,2022-07-21 12:30:00+05:30,2022-07-21 12:50:00+05:30,197.4,196.54285714285714,198.94285714285712,1.5429,W
S791,WIPRO,2022-07-22 09:25:00+05:30,,,2,2.0,0.0137,60.0,39.0,0,1.1338,,0,0,0,0,1,0,1,2022-07-22 09:25:00+05:30,2022-07-22 09:30:00+05:30,2022-07-22 09:45:00+05:30,197.75,196.38392857142858,200.20892857142854,-1.3661,L
S792,WIPRO,2022-07-22 10:40:00+05:30,-0.1855,-0.1129,0,,1.8924,11.11,-0.7959,0,0.6164,1.0,9,1,0,1,0,9,10,2022-07-22 11:25:00+05:30,2022-07-22 11:30:00+05:30,2022-07-22 15:00:00+05:30,196.2,194.90535714285713,198.53035714285713,0.15,EOD+
S793,WIPRO,2022-07-22 12:15:00+05:30,0.0318,0.0637,9,6.0,0.0875,66.67,0.8182,0,0.6058,,0,0,0,1,1,0,1,2022-07-22 12:15:00+05:30,2022-07-22 12:20:00+05:30,2022-07-22 15:00:00+05:30,196.35,195.56428571428572,197.7642857142857,0.0,EOD-
S794,WIPRO,2022-07-22 12:25:00+05:30,0.0356,0.0408,0,,0.2116,50.0,-0.2308,0,0.4662,,0,0,0,1,1,0,1,2022-07-22 12:25:00+05:30,2022-07-22 12:30:00+05:30,2022-07-22 15:00:00+05:30,196.45,195.68214285714285,197.83214285714283,-0.1,EOD-
S795,WIPRO,2022-07-22 12:35:00+05:30,0.0522,0.0267,1,1.0,0.2141,50.0,-1.0,0,1.1254,1.0,1,0,0,0,0,1,2,2022-07-22 12:40:00+05:30,2022-07-22 12:45:00+05:30,2022-07-22 15:00:00+05:30,196.4,195.64107142857145,197.76607142857142,-0.05,EOD-
S796,WIPRO,2022-07-22 12:50:00+05:30,0.0471,0.0522,0,,0.7449,33.33,-0.759,0,1.2897,1.0,9,1,0,1,0,9,10,2022-07-22 13:35:00+05:30,2022-07-22 13:40:00+05:30,2022-07-22 15:00:00+05:30,196.6,195.90357142857144,197.8535714285714,-0.25,EOD-
S797,WIPRO,2022-07-25 09:15:00+05:30,,,0,,3.6786,36.36,-0.2621,0,2.694,,0,1,0,1,1,0,1,2022-07-25 09:15:00+05:30,2022-07-25 09:20:00+05:30,2022-07-25 14:35:00+05:30,196.7,195.825,198.275,1.575,W
S798,WIPRO,2022-07-25 09:35:00+05:30,,,3,3.0,0.2382,87.5,-0.5918,0,0.5149,0.0,1,0,0,1,0,1,2,2022-07-25 09:40:00+05:30,2022-07-25 09:45:00+05:30,2022-07-25 15:00:00+05:30,196.8,195.51428571428573,199.11428571428573,1.5,EOD+
S799,WIPRO,2022-07-25 09:50:00+05:30,0.0178,,0,,0.2852,12.5,0.8182,0,0.3123,,0,1,0,1,1,0,1,2022-07-25 09:50:00+05:30,2022-07-25 09:55:00+05:30,2022-07-25 15:00:00+05:30,196.8,195.35357142857143,199.40357142857144,1.5,EOD+
S800,WIPRO,2022-07-25 11:40:00+05:30,-0.0114,-0.0152,0,,2.1368,14.29,-0.7414,0,1.3239,1.0,9,0,0,0,0,9,10,2022-07-25 12:25:00+05:30,2022-07-25 12:30:00+05:30,2022-07-25 12:50:00+05:30,197.15,196.4714285714286,198.37142857142857,-0.6786,L
S801,WIPRO,2022-07-25 12:35:00+05:30,-0.047,-0.0787,1,1.0,0.32,80.0,-1.0,0,1.0997,0.0,1,0,1,0,0,1,2,2022-07-25 12:40:00+05:30,2022-07-25 12:45:00+05:30,2022-07-25 13:05:00+05:30,196.95,196.325,198.075,-0.625,L
S802,WIPRO,2022-07-25 12:50:00+05:30,-0.0356,-0.047,0,,1.97,77.78,-0.797,0,1.4074,0.0,6,0,0,0,0,6,7,2022-07-25 13:20:00+05:30,2022-07-25 13:25:00+05:30,2022-07-25 14:20:00+05:30,196.9,196.275,198.025,1.125,W
S803,WIPRO,2022-07-25 13:30:00+05:30,-0.0216,-0.0419,0,,0.4308,33.33,-0.2857,0,0.7283,,0,1,0,1,1,0,1,2022-07-25 13:30:00+05:30,2022-07-25 13:35:00+05:30,2022-07-25 14:35:00+05:30,196.8,195.9875,198.26250000000002,1.4625,W
S804,WIPRO,2022-07-26 11:20:00+05:30,-0.1677,-0.2788,0,,1.8936,60.0,-1.0,0,0.5138,1.0,9,1,0,0,0,9,10,2022-07-26 12:05:00+05:30,2022-07-26 12:10:00+05:30,2022-07-26 14:25:00+05:30,194.75,194.05357142857144,196.0035714285714,-0.6964,L
S805,WIPRO,2022-07-26 12:45:00+05:30,0.0013,-0.0064,6,5.0,0.0203,33.33,39.0,0,0.6313,,0,0,0,0,1,0,1,2022-07-26 12:45:00+05:30,2022-07-26 12:50:00+05:30,2022-07-26 13:40:00+05:30,195.0,194.38392857142858,196.10892857142855,-0.6161,L
S806,WIPRO,2022-07-26 13:05:00+05:30,0.0116,0.0026,3,3.0,0.1068,20.0,5.6667,0,0.4902,,0,1,0,1,1,0,1,2022-07-26 13:05:00+05:30,2022-07-26 13:10:00+05:30,2022-07-26 14:05:00+05:30,194.85,194.32321428571427,195.79821428571427,-0.5268,L
S807,WIPRO,2022-07-26 13:35:00+05:30,0.0911,0.0475,5,4.0,0.0875,0.0,5.6667,0,0.4562,,0,0,0,1,1,0,1,2022-07-26 13:35:00+05:30,2022-07-26 13:40:00+05:30,2022-07-26 13:40:00+05:30,195.0,194.57142857142858,195.77142857142857,-0.4286,L
S808,WIPRO,2022-07-27 09:15:00+05:30,,,0,,3.1365,36.73,-0.2561,0,2.442,,0,0,0,0,1,0,1,2022-07-27 09:15:00+05:30,2022-07-27 09:20:00+05:30,2022-07-27 09:25:00+05:30,194.45,193.05714285714285,196.95714285714286,-1.3929,L
S809,WIPRO,2022-07-27 09:25:00+05:30,,,0,,1.2346,28.57,-1.0,0,0.4578,0.0,2,0,0,0,0,2,3,2022-07-27 09:35:00+05:30,2022-07-27 09:40:00+05:30,2022-07-27 15:00:00+05:30,193.85,192.225,196.775,0.1,EOD+
S810,WIPRO,2022-07-27 09:45:00+05:30,-0.1097,,0,,0.7879,53.33,-0.4643,0,0.5759,,0,1,0,1,1,0,1,2022-07-27 09:45:00+05:30,2022-07-27 09:50:00+05:30,2022-07-27 15:00:00+05:30,193.85,192.07321428571427,197.04821428571427,0.1,EOD+
S811,WIPRO,2022-07-27 09:55:00+05:30,-0.0568,-0.1355,1,1.0,0.0721,63.64,1.8571,0,0.5808,,0,1,0,0,1,0,1,2022-07-27 09:55:00+05:30,2022-07-27 10:00:00+05:30,2022-07-27 15:00:00+05:30,193.8,191.97857142857146,197.07857142857142,0.15,EOD+
S812,WIPRO,2022-07-27 10:20:00+05:30,0.0387,0.0142,4,4.0,0.325,80.0,-0.5604,0,0.43,1.0,1,0,0,1,0,1,2,2022-07-27 10:25:00+05:30,2022-07-27 10:30:00+05:30,2022-07-27 15:00:00+05:30,194.05,192.30000000000004,197.2,-0.1,EOD-
S813,WIPRO,2022-07-27 10:35:00+05:30,0.0193,0.0387,1,1.0,0.0318,20.0,9.0,0,0.2444,,0,1,0,1,1,0,1,2022-07-27 10:35:00+05:30,2022-07-27 10:40:00+05:30,2022-07-27 15:00:00+05:30,193.95,192.77142857142857,196.07142857142853,0.0,EOD-
S814,WIPRO,2022-07-27 10:50:00+05:30,0.04,0.0193,2,1.0,0.1849,50.0,0.4286,0,0.5193,,0,1,0,1,1,0,1,2022-07-27 10:50:00+05:30,2022-07-27 10:55:00+05:30,2022-07-27 15:00:00+05:30,193.9,192.95357142857145,195.6035714285714,0.05,EOD+
S815,WIPRO,2022-07-27 11:30:00+05:30,0.0013,0.0464,0,,0.709,50.0,-1.0,0,2.0969,1.0,9,0,0,0,0,9,10,2022-07-27 12:15:00+05:30,2022-07-27 12:20:00+05:30,2022-07-27 15:00:00+05:30,193.75,193.05357142857142,195.00357142857143,0.2,EOD+
S816,WIPRO,2022-07-27 12:25:00+05:30,-0.0452,-0.0568,0,,0.7461,0.0,-0.5062,0,1.6098,1.0,7,0,0,1,0,7,8,2022-07-27 13:00:00+05:30,2022-07-27 13:05:00+05:30,2022-07-27 15:00:00+05:30,193.65,192.9714285714286,194.87142857142857,0.3,EOD+
S817,WIPRO,2022-07-27 13:10:00+05:30,-0.0232,-0.0659,0,,0.1723,0.0,1.5,0,1.4215,,0,0,0,0,1,0,1,2022-07-27 13:10:00+05:30,2022-07-27 13:15:00+05:30,2022-07-27 15:00:00+05:30,193.6,193.01964285714286,194.64464285714283,1.0446,W
S818,WIPRO,2022-07-27 13:20:00+05:30,-0.0245,-0.0349,0,,0.9333,50.0,-0.5238,0,1.0892,,0,1,1,1,1,0,1,2022-07-27 13:20:00+05:30,2022-07-27 13:25:00+05:30,2022-07-27 15:00:00+05:30,193.65,193.0875,194.6625,0.3,EOD+
S819,WIPRO,2022-07-27 13:30:00+05:30,-0.0168,-0.0258,0,,0.0831,0.0,4.7143,0,2.7758,,0,1,0,0,1,0,1,2022-07-27 13:30:00+05:30,2022-07-27 13:35:00+05:30,2022-07-27 15:00:00+05:30,193.65,193.1232142857143,194.59821428571428,0.9482,W
S820,WIPRO,2022-07-27 13:50:00+05:30,0.0297,-0.0013,2,2.0,0.2844,25.0,0.5385,0,0.9757,,0,0,0,0,1,0,1,2022-07-27 13:50:00+05:30,2022-07-27 13:55:00+05:30,2022-07-27 15:00:00+05:30,193.65,193.07857142857145,194.67857142857142,0.3,EOD+
S821,WIPRO,2022-07-27 14:00:00+05:30,0.0103,0.0284,0,,0.0339,0.0,5.6667,0,1.5123,,0,0,0,1,1,0,1,2022-07-27 14:00:00+05:30,2022-07-27 14:05:00+05:30,2022-07-27 15:00:00+05:30,193.65,193.0964285714286,194.64642857142854,0.9964,W
S822,WIPRO,2022-07-28 11:55:00+05:30,0.0856,0.1473,32,9.0,0.6284,100.0,-1.0,0,0.8139,1.0,8,1,0,0,0,8,9,2022-07-28 12:35:00+05:30,2022-07-28 12:40:00+05:30,2022-07-28 14:45:00+05:30,198.95,198.1642857142857,200.3642857142857,-0.7857,L
S823,WIPRO,2022-07-28 12:55:00+05:30,0.0063,0.0302,2,1.0,0.4876,80.0,-0.6774,0,0.5,0.0,3,0,0,1,0,3,4,2022-07-28 13:10:00+05:30,2022-07-28 13:15:00+05:30,2022-07-28 14:45:00+05:30,198.75,197.95535714285714,200.18035714285713,-0.7946,L
S824,WIPRO,2022-07-28 13:20:00+05:30,-0.0264,-0.0189,0,,0.167,50.0,0.9048,0,0.5672,,0,0,0,0,1,0,1,2022-07-28 13:20:00+05:30,2022-07-28 13:25:00+05:30,2022-07-28 14:45:00+05:30,198.8,198.01428571428573,200.21428571428572,-0.7857,L
S825,WIPRO,2022-07-28 13:30:00+05:30,-0.0365,-0.0264,0,,0.527,40.0,-0.7015,0,0.4351,0.0,3,0,0,1,0,3,4,2022-07-28 13:45:00+05:30,2022-07-28 13:50:00+05:30,2022-07-28 14:50:00+05:30,198.7,197.90535714285713,200.13035714285715,-0.7946,L
S826,WIPRO,2022-07-28 13:55:00+05:30,0.0264,-0.0227,0,,0.4541,25.0,-0.5833,0,0.6031,0.0,5,1,0,1,0,5,6,2022-07-28 14:20:00+05:30,2022-07-28 14:25:00+05:30,2022-07-28 14:45:00+05:30,198.65,197.9892857142857,199.83928571428572,-0.6607,L
S827,WIPRO,2022-07-29 10:25:00+05:30,0.4056,0.4452,14,6.0,0.8708,65.0,-0.5215,0,1.0414,0.0,4,1,1,0,0,4,5,2022-07-29 10:45:00+05:30,2022-07-29 10:50:00+05:30,2022-07-29 15:00:00+05:30,201.4,199.9,204.1,0.75,EOD+
S828,WIPRO,2022-07-29 10:55:00+05:30,0.2122,0.2324,0,,0.2965,0.0,0.9444,0,1.1808,,0,1,0,0,1,0,1,2022-07-29 10:55:00+05:30,2022-07-29 11:00:00+05:30,2022-07-29 15:00:00+05:30,201.6,200.08214285714286,204.33214285714286,0.55,EOD+
S829,WIPRO,2022-07-29 12:00:00+05:30,0.0161,-0.0099,11,10.0,0.0673,12.5,7.0,0,0.5536,,0,0,0,0,1,0,1,2022-07-29 12:00:00+05:30,2022-07-29 12:05:00+05:30,2022-07-29 15:00:00+05:30,201.7,200.77142857142854,203.37142857142857,0.45,EOD+
S830,WIPRO,2022-07-29 12:10:00+05:30,0.0657,0.0025,0,,0.9214,37.5,-0.5349,0,0.2736,0.0,1,0,0,1,0,1,2,2022-07-29 12:15:00+05:30,2022-07-29 12:20:00+05:30,2022-07-29 15:00:00+05:30,201.6,200.725,203.175,0.55,EOD+
S831,WIPRO,2022-07-29 12:25:00+05:30,0.1425,0.0657,0,,0.7169,75.0,-0.5294,0,0.7007,,0,0,0,0,1,0,1,2022-07-29 12:25:00+05:30,2022-07-29 12:30:00+05:30,2022-07-29 14:20:00+05:30,201.95,201.20892857142854,203.28392857142856,-0.7411,L
S832,WIPRO,2022-07-29 12:35:00+05:30,0.1115,0.1375,0,,0.3138,72.73,-0.4872,0,1.1007,,0,0,1,0,1,0,1,2022-07-29 12:35:00+05:30,2022-07-29 12:40:00+05:30,2022-07-29 14:15:00+05:30,202.3,201.5232142857143,203.6982142857143,-0.7768,L
S833,WIPRO,2022-07-29 13:35:00+05:30,0.0532,0.0507,11,9.0,0.9988,36.36,0.0256,0,1.9084,,0,1,0,0,1,0,1,2022-07-29 13:35:00+05:30,2022-07-29 13:40:00+05:30,2022-07-29 14:20:00+05:30,202.0,201.26785714285714,203.31785714285715,-0.7321,L
S834,WIPRO,2022-07-29 13:45:00+05:30,0.0618,0.052,0,,0.5711,16.67,0.2903,0,0.564,,0,0,1,1,1,0,1,2022-07-29 13:45:00+05:30,2022-07-29 13:50:00+05:30,2022-07-29 14:15:00+05:30,202.3,201.62142857142857,203.5214285714286,-0.6786,L
S835,WIPRO,2022-07-29 13:55:00+05:30,0.0717,0.0544,0,,0.07,75.0,-1.0,0,0.5063,,0,0,0,1,1,0,1,2022-07-29 13:55:00+05:30,2022-07-29 14:00:00+05:30,2022-07-29 14:15:00+05:30,202.3,201.675,203.425,-0.625,L
S836,WIPRO,2022-08-01 11:10:00+05:30,0.0736,0.1926,0,,0.6759,40.0,-0.5238,0,0.6925,1.0,9,0,0,1,0,9,10,2022-08-01 11:55:00+05:30,2022-08-01 12:00:00+05:30,2022-08-01 15:00:00+05:30,203.85,203.07321428571427,205.24821428571428,0.15,EOD+
S837,WIPRO,2022-08-01 12:10:00+05:30,-0.0098,-0.016,2,1.0,0.134,33.33,1.2222,0,0.4356,,0,1,1,1,1,0,1,2022-08-01 12:10:00+05:30,2022-08-01 12:15:00+05:30,2022-08-01 15:00:00+05:30,203.95,203.11071428571427,205.4607142857143,0.05,EOD+
S838,WIPRO,2022-08-01 13:15:00+05:30,0.0699,0.0503,0,,1.4493,16.67,-0.4558,0,0.6611,0.0,9,0,0,1,0,9,10,2022-08-01 14:00:00+05:30,2022-08-01 14:05:00+05:30,2022-08-01 15:00:00+05:30,204.0,203.36607142857142,205.14107142857142,0.0,EOD-
S839,WIPRO,2022-08-02 09:15:00+05:30,,,0,,2.298,46.34,-0.1182,0,3.8124,0.0,1,1,0,0,0,1,2,2022-08-02 09:20:00+05:30,2022-08-02 09:25:00+05:30,2022-08-02 15:00:00+05:30,204.75,203.39285714285714,207.19285714285715,1.35,EOD+
S840,WIPRO,2022-08-02 10:00:00+05:30,0.1416,0.1686,7,6.0,0.0691,14.29,-0.1667,0,0.5455,0.0,3,1,0,1,0,3,4,2022-08-02 10:15:00+05:30,2022-08-02 10:20:00+05:30,2022-08-02 15:00:00+05:30,205.0,202.83035714285714,208.90535714285713,1.1,EOD+
S841,WIPRO,2022-08-02 10:25:00+05:30,0.1207,0.1294,0,,0.0114,16.67,-1.0,0,0.1769,0.0,1,0,1,1,0,1,2,2022-08-02 10:30:00+05:30,2022-08-02 10:35:00+05:30,2022-08-02 15:00:00+05:30,205.2,203.54821428571427,208.1732142857143,0.9,EOD+
S842,WIPRO,2022-08-02 10:40:00+05:30,0.0634,0.1207,0,,0.4418,0.0,0.2987,0,0.3015,,0,0,0,0,1,0,1,2022-08-02 10:40:00+05:30,2022-08-02 10:45:00+05:30,2022-08-02 15:00:00+05:30,205.0,203.91071428571428,206.9607142857143,1.1,EOD+
S843,WIPRO,2022-08-02 10:50:00+05:30,-0.0146,0.1,0,,0.2047,16.67,1.5806,0,0.2551,,0,0,1,1,1,0,1,2022-08-02 10:50:00+05:30,2022-08-02 10:55:00+05:30,2022-08-02 11:15:00+05:30,205.2,204.25357142857143,206.9035714285714,-0.9464,L
S844,WIPRO,2022-08-02 11:00:00+05:30,-0.0171,0.0171,0,,0.8853,66.67,-0.6899,0,1.1102,1.0,7,0,0,0,0,7,8,2022-08-02 11:35:00+05:30,2022-08-02 11:40:00+05:30,2022-08-02 15:00:00+05:30,205.0,204.08928571428572,206.63928571428573,1.1,EOD+
S845,WIPRO,2022-08-02 11:50:00+05:30,0.011,-0.0513,1,1.0,0.0968,100.0,-1.0,0,0.4411,0.0,1,1,0,1,0,1,2,2022-08-02 11:55:00+05:30,2022-08-02 12:00:00+05:30,2022-08-02 15:00:00+05:30,204.85,204.0107142857143,206.36071428571424,1.25,EOD+
S846,WIPRO,2022-08-02 12:20:00+05:30,0.0122,0.0146,4,4.0,0.0,28.57,,1,0.8099,,0,0,0,1,1,0,1,2022-08-02 12:20:00+05:30,2022-08-02 12:25:00+05:30,2022-08-02 15:00:00+05:30,205.0,204.20535714285717,206.4303571428571,1.1,EOD+
S847,WIPRO,2022-08-02 12:35:00+05:30,-0.011,0.0122,1,1.0,0.8633,36.36,-0.2793,0,2.4028,1.0,1,1,0,0,0,1,2,2022-08-02 12:40:00+05:30,2022-08-02 12:45:00+05:30,2022-08-02 15:00:00+05:30,204.85,204.04642857142858,206.29642857142852,1.25,EOD+
S848,WIPRO,2022-08-02 12:50:00+05:30,0.0171,-0.011,0,,0.2614,50.0,0.2903,0,0.5904,,0,0,0,0,1,0,1,2022-08-02 12:50:00+05:30,2022-08-02 12:55:00+05:30,2022-08-02 15:00:00+05:30,205.0,204.25892857142858,206.33392857142854,1.1,EOD+
S849,WIPRO,2022-08-02 13:00:00+05:30,0.0573,-0.0012,0,,0.4776,50.0,0.0345,0,0.8654,,0,0,0,0,1,0,1,2022-08-02 13:00:00+05:30,2022-08-02 13:05:00+05:30,2022-08-02 15:00:00+05:30,205.0,204.24107142857144,206.3660714285714,1.1,EOD+
S850,WIPRO,2022-08-02 13:10:00+05:30,0.0744,0.0342,0,,0.3333,0.0,0.0,0,0.9612,1.0,4,0,0,0,0,4,5,2022-08-02 13:30:00+05:30,2022-08-02 13:35:00+05:30,2022-08-02 15:00:00+05:30,205.05,204.30000000000004,206.39999999999998,1.05,EOD+
S851,WIPRO,2022-08-02 13:40:00+05:30,-0.0012,0.0207,0,,0.6827,16.67,0.0127,0,0.8218,,0,1,0,1,1,0,1,2022-08-02 13:40:00+05:30,2022-08-02 13:45:00+05:30,2022-08-02 15:00:00+05:30,205.0,204.27678571428575,206.30178571428567,1.1,EOD+
S852,WIPRO,2022-08-03 09:15:00+05:30,,,0,,2.8771,14.81,-0.6289,0,1.2473,0.0,1,1,0,1,0,1,2,2022-08-03 09:20:00+05:30,2022-08-03 09:25:00+05:30,2022-08-03 09:40:00+05:30,205.55,204.4964285714286,207.44642857142856,-1.0536,L
S853,WIPRO,2022-08-03 09:35:00+05:30,,,1,1.0,0.9635,83.33,-0.7551,0,0.3902,0.0,4,1,0,1,0,4,5,2022-08-03 09:55:00+05:30,2022-08-03 10:00:00+05:30,2022-08-03 15:00:00+05:30,205.6,204.0107142857143,208.46071428571426,0.85,EOD+
S854,WIPRO,2022-08-03 11:05:00+05:30,0.1116,0.1226,12,10.0,0.043,55.56,10.4286,0,0.5448,,0,0,0,0,1,0,1,2022-08-03 11:05:00+05:30,2022-08-03 11:10:00+05:30,2022-08-03 15:00:00+05:30,206.2,205.18214285714285,208.03214285714284,0.25,EOD+
S855,WIPRO,2022-08-03 11:15:00+05:30,0.0582,0.148,0,,0.6472,50.0,-0.5918,0,0.8627,1.0,6,1,0,1,0,6,7,2022-08-03 11:45:00+05:30,2022-08-03 11:50:00+05:30,2022-08-03 13:20:00+05:30,206.25,205.30357142857144,207.95357142857142,-0.9464,L
S856,WIPRO,2022-08-03 12:00:00+05:30,-0.0121,0.0352,2,2.0,0.4519,83.33,-1.0,0,0.4832,0.0,1,1,0,1,0,1,2,2022-08-03 12:05:00+05:30,2022-08-03 12:10:00+05:30,2022-08-03 13:20:00+05:30,206.15,205.44464285714287,207.41964285714286,-0.7054,L
S857,WIPRO,2022-08-03 12:15:00+05:30,-0.0315,-0.0121,0,,0.035,28.57,4.0,0,0.8501,,0,1,1,0,1,0,1,2022-08-03 12:15:00+05:30,2022-08-03 12:20:00+05:30,2022-08-03 13:20:00+05:30,206.2,205.48571428571427,207.48571428571427,-0.7143,L
S858,WIPRO,2022-08-03 12:30:00+05:30,-0.0024,-0.0315,1,1.0,0.0473,0.0,11.0,0,0.6231,,0,1,0,1,1,0,1,2022-08-03 12:30:00+05:30,2022-08-03 12:35:00+05:30,2022-08-03 13:20:00+05:30,206.25,205.58928571428572,207.43928571428572,-0.6607,L
S859,WIPRO,2022-08-03 13:00:00+05:30,0.0303,0.0049,5,1.0,1.11,70.0,-0.6396,0,1.0977,0.0,8,0,0,0,0,8,9,2022-08-03 13:40:00+05:30,2022-08-03 13:45:00+05:30,2022-08-03 15:00:00+05:30,206.2,205.575,207.325,0.25,EOD+
S860,WIPRO,2022-08-03 13:50:00+05:30,-0.0121,-0.0497,0,,0.3581,40.0,-0.0909,0,1.1033,,0,0,0,1,1,0,1,2022-08-03 13:50:00+05:30,2022-08-03 13:55:00+05:30,2022-08-03 15:00:00+05:30,206.2,205.43214285714285,207.58214285714283,0.25,EOD+
S861,WIPRO,2022-08-03 14:00:00+05:30,0.0024,-0.0267,0,,0.3461,20.0,0.8182,0,1.2,,0,0,0,0,1,0,1,2022-08-03 14:00:00+05:30,2022-08-03 14:05:00+05:30,2022-08-03 15:00:00+05:30,206.25,205.45535714285714,207.68035714285713,0.2,EOD+
S862,WIPRO,2022-08-03 14:10:00+05:30,-0.0085,0.0,0,,0.341,0.0,0.0526,0,1.8583,,0,1,0,1,1,0,1,2022-08-03 14:10:00+05:30,2022-08-03 14:15:00+05:30,2022-08-03 15:00:00+05:30,206.1,205.40357142857144,207.3535714285714,0.35,EOD+
S863,WIPRO,2022-08-04 10:15:00+05:30,0.337,0.4097,12,9.0,0.3244,33.33,1.1053,0,0.7215,,0,0,1,0,1,0,1,2022-08-04 10:15:00+05:30,2022-08-04 10:20:00+05:30,2022-08-04 11:25:00+05:30,209.1,207.26964285714286,212.39464285714286,-1.8304,L
S864,WIPRO,2022-08-04 10:25:00+05:30,0.315,0.3552,1,1.0,0.3052,22.22,0.6,0,0.2842,,0,0,0,0,1,0,1,2022-08-04 10:25:00+05:30,2022-08-04 10:30:00+05:30,2022-08-04 11:25:00+05:30,208.85,207.31428571428572,211.6142857142857,-1.5357,L
S865,WIPRO,2022-08-04 11:20:00+05:30,-0.1951,0.0323,0,,2.6164,40.0,-0.9123,0,0.7126,0.0,9,0,0,0,0,9,10,2022-08-04 12:05:00+05:30,2022-08-04 12:10:00+05:30,2022-08-04 15:00:00+05:30,207.5,206.41071428571428,209.4607142857143,0.2,EOD+
S866,WIPRO,2022-08-04 12:15:00+05:30,-0.2074,-0.3626,0,,0.4763,7.69,0.0976,0,0.5245,,0,0,1,0,1,0,1,2022-08-04 12:15:00+05:30,2022-08-04 12:20:00+05:30,2022-08-04 15:00:00+05:30,207.5,205.34821428571428,211.3732142857143,0.2,EOD+
S867,WIPRO,2022-08-04 12:25:00+05:30,-0.1725,-0.2362,0,,0.568,54.55,-0.697,0,0.2214,0.0,2,0,0,1,0,2,3,2022-08-04 12:35:00+05:30,2022-08-04 12:40:00+05:30,2022-08-04 15:00:00+05:30,207.25,205.07142857142856,211.1714285714286,0.45,EOD+
S868,WIPRO,2022-08-04 13:25:00+05:30,0.1834,0.0181,8,5.0,0.254,25.0,0.9512,0,0.3373,,0,0,0,1,1,0,1,2022-08-04 13:25:00+05:30,2022-08-04 13:30:00+05:30,2022-08-04 15:00:00+05:30,207.3,206.29107142857143,209.11607142857144,0.4,EOD+
S869,WIPRO,2022-08-04 13:45:00+05:30,0.0856,0.1906,0,,0.8308,44.44,-0.685,0,1.181,1.0,9,1,0,1,0,9,10,2022-08-04 14:30:00+05:30,2022-08-04 14:35:00+05:30,2022-08-04 15:00:00+05:30,207.4,206.44464285714287,209.11964285714285,0.3,EOD+
S870,WIPRO,2022-08-05 11:20:00+05:30,0.1069,0.2532,25,6.0,0.329,50.0,0.7021,0,0.7827,,0,0,0,1,1,0,1,2022-08-05 11:20:00+05:30,2022-08-05 11:25:00+05:30,2022-08-05 12:30:00+05:30,210.7,209.80714285714285,212.30714285714282,-0.8929,L
S871,WIPRO,2022-08-05 11:35:00+05:30,0.0985,0.1069,2,2.0,0.882,10.0,0.4286,0,0.5332,,0,0,0,1,1,0,1,2022-08-05 11:35:00+05:30,2022-08-05 11:40:00+05:30,2022-08-05 12:30:00+05:30,210.7,209.80714285714285,212.30714285714285,-0.8929,L
S872,WIPRO,2022-08-05 12:25:00+05:30,-0.038,0.0273,0,,1.408,20.0,-0.774,0,0.3579,1.0,9,0,0,1,0,9,10,2022-08-05 13:10:00+05:30,2022-08-05 13:15:00+05:30,2022-08-05 14:15:00+05:30,210.25,209.46428571428572,211.6642857142857,-0.7857,L
S873,WIPRO,2022-08-05 13:20:00+05:30,-0.0511,-0.0749,0,,0.4565,0.0,0.3333,0,0.548,,0,0,1,0,1,0,1,2022-08-05 13:20:00+05:30,2022-08-05 13:25:00+05:30,2022-08-05 14:10:00+05:30,210.3,209.6839285714286,211.4089285714286,-0.6161,L
S874,WIPRO,2022-08-05 13:35:00+05:30,-0.0167,-0.0511,2,2.0,0.0323,33.33,5.6667,0,1.3181,,0,0,0,0,1,0,1,2022-08-05 13:35:00+05:30,2022-08-05 13:40:00+05:30,2022-08-05 14:10:00+05:30,210.3,209.71964285714287,211.34464285714287,-0.5804,L
S875,WIPRO,2022-08-05 13:45:00+05:30,-0.0036,-0.0274,1,1.0,0.275,0.0,1.7273,0,1.0533,,0,0,0,1,1,0,1,2022-08-05 13:45:00+05:30,2022-08-05 13:50:00+05:30,2022-08-05 14:10:00+05:30,210.3,209.8,211.20000000000002,-0.5,L
S876,WIPRO,2022-08-05 13:55:00+05:30,-0.0036,-0.0059,1,1.0,0.4875,60.0,-0.4872,0,0.5941,0.0,1,1,0,0,0,1,2,2022-08-05 14:00:00+05:30,2022-08-05 14:05:00+05:30,2022-08-05 14:10:00+05:30,210.2,209.7,211.1,-0.5,L
S877,WIPRO,2022-08-08 09:15:00+05:30,,,0,,0.3952,86.49,0.4286,0,3.7385,,0,0,0,0,1,0,1,2022-08-08 09:15:00+05:30,2022-08-08 09:20:00+05:30,2022-08-08 09:50:00+05:30,210.0,208.89285714285714,211.99285714285713,-1.1071,L
S878,WIPRO,2022-08-08 09:25:00+05:30,,,0,,1.1766,72.22,-0.7468,0,1.5912,,0,0,1,0,1,0,1,2022-08-08 09:25:00+05:30,2022-08-08 09:30:00+05:30,2022-08-08 09:50:00+05:30,210.2,208.94107142857143,212.4660714285714,-1.2589,L
S879,WIPRO,2022-08-08 11:25:00+05:30,-0.1377,-0.1436,0,,0.986,33.33,-0.8473,0,1.963,1.0,9,0,0,0,0,9,10,2022-08-08 12:10:00+05:30,2022-08-08 12:15:00+05:30,2022-08-08 14:05:00+05:30,209.0,208.16964285714283,210.49464285714288,-0.8304,L
S880,WIPRO,2022-08-08 12:35:00+05:30,-0.0168,-0.0108,4,3.0,0.0228,60.0,5.6667,0,0.9739,,0,0,0,1,1,0,1,2022-08-08 12:35:00+05:30,2022-08-08 12:40:00+05:30,2022-08-08 15:00:00+05:30,208.6,207.7785714285714,210.07857142857145,-0.4,EOD-
S881,WIPRO,2022-08-10 10:15:00+05:30,-0.4621,-0.4754,0,,1.9041,60.0,-0.9325,0,0.6907,1.0,9,0,0,0,0,9,10,2022-08-10 11:00:00+05:30,2022-08-10 11:05:00+05:30,2022-08-10 15:00:00+05:30,205.0,203.05357142857142,208.50357142857143,0.25,EOD+
S882,WIPRO,2022-08-10 11:40:00+05:30,0.0623,-0.0366,8,8.0,0.1077,33.33,-1.0,0,1.0797,1.0,7,0,0,1,0,7,8,2022-08-10 12:15:00+05:30,2022-08-10 12:20:00+05:30,2022-08-10 15:00:00+05:30,204.75,204.16964285714286,205.79464285714286,0.5,EOD+
S883,WIPRO,2022-08-10 12:25:00+05:30,-0.0073,-0.0244,0,,0.7737,33.33,-0.6825,0,0.6302,0.0,3,0,0,0,0,3,4,2022-08-10 12:40:00+05:30,2022-08-10 12:45:00+05:30,2022-08-10 15:00:00+05:30,204.75,204.24107142857142,205.66607142857143,0.9161,W
S884,WIPRO,2022-08-10 12:50:00+05:30,-0.0195,-0.0037,0,,0.3259,50.0,-0.2593,0,0.5185,,0,1,0,1,1,0,1,2022-08-10 12:50:00+05:30,2022-08-10 12:55:00+05:30,2022-08-10 15:00:00+05:30,204.75,204.23214285714286,205.68214285714285,0.9321,W
S885,WIPRO,2022-08-10 13:05:00+05:30,-0.0049,-0.0195,2,1.0,0.3098,50.0,0.4815,0,1.2816,,0,0,0,0,1,0,1,2022-08-10 13:05:00+05:30,2022-08-10 13:10:00+05:30,2022-08-10 15:00:00+05:30,204.75,204.20535714285714,205.73035714285712,0.5,EOD+
S886,WIPRO,2022-08-10 13:15:00+05:30,-0.0037,-0.0073,0,,0.522,60.0,-0.5455,0,1.5307,,0,0,0,0,1,0,1,2022-08-10 13:15:00+05:30,2022-08-10 13:20:00+05:30,2022-08-10 15:00:00+05:30,204.8,204.2732142857143,205.74821428571428,0.45,EOD+
S887,WIPRO,2022-08-10 13:25:00+05:30,-0.0049,-0.0049,0,,0.3085,0.0,0.5385,0,0.7222,,0,0,1,0,1,0,1,2022-08-10 13:25:00+05:30,2022-08-10 13:30:00+05:30,2022-08-10 15:00:00+05:30,204.8,204.2732142857143,205.74821428571428,0.45,EOD+
S888,WIPRO,2022-08-10 13:35:00+05:30,0.011,-0.0037,0,,0.3983,60.0,0.2121,0,1.0173,,0,1,0,1,1,0,1,2022-08-10 13:35:00+05:30,2022-08-10 13:40:00+05:30,2022-08-10 15:00:00+05:30,204.9,204.38214285714287,205.83214285714286,0.35,EOD+
S889,WIPRO,2022-08-10 14:00:00+05:30,0.0366,0.0269,4,4.0,0.0304,87.5,5.6667,0,1.3424,,0,0,0,0,1,0,1,2022-08-10 14:00:00+05:30,2022-08-10 14:05:00+05:30,2022-08-10 15:00:00+05:30,205.1,204.48392857142858,206.20892857142854,0.15,EOD+
S890,WIPRO,2022-08-11 10:45:00+05:30,0.4749,0.5014,18,17.0,0.3161,50.0,-0.0476,0,0.2625,1.0,2,1,0,1,0,2,3,2022-08-11 10:55:00+05:30,2022-08-11 11:00:00+05:30,2022-08-11 15:00:00+05:30,209.55,208.71964285714287,211.0446428571429,0.2,EOD+
S891,WIPRO,2022-08-11 11:40:00+05:30,0.0548,0.0262,7,4.0,0.1,0.0,5.6667,0,0.78,,0,1,0,0,1,0,1,2022-08-11 11:40:00+05:30,2022-08-11 11:45:00+05:30,2022-08-11 15:00:00+05:30,209.9,209.15,211.25,-0.15,EOD-
S892,WIPRO,2022-08-11 12:00:00+05:30,0.0667,0.0596,3,2.0,0.175,28.57,3.7619,0,0.7813,,0,0,0,0,1,0,1,2022-08-11 12:00:00+05:30,2022-08-11 12:05:00+05:30,2022-08-11 15:00:00+05:30,210.05,209.3,211.4,-0.3,EOD-
S893,WIPRO,2022-08-11 13:10:00+05:30,-0.0202,0.0119,0,,0.9463,33.33,-1.0,0,0.8311,1.0,9,0,0,1,0,9,10,2022-08-11 13:55:00+05:30,2022-08-11 14:00:00+05:30,2022-08-11 15:00:00+05:30,210.0,209.51785714285714,210.86785714285716,-0.25,EOD-
S894,WIPRO,2022-08-11 14:15:00+05:30,-0.0262,-0.0238,2,2.0,0.3191,50.0,0.2903,0,1.1797,,0,1,0,0,1,0,1,2022-08-11 14:15:00+05:30,2022-08-11 14:20:00+05:30,2022-08-11 15:00:00+05:30,209.9,209.29285714285714,210.99285714285713,-0.15,EOD-
S895,WIPRO,2022-08-12 09:20:00+05:30,,,0,,3.9491,55.56,-0.9666,0,0.4224,0.0,9,1,0,1,0,9,10,2022-08-12 10:05:00+05:30,2022-08-12 10:10:00+05:30,2022-08-12 12:20:00+05:30,209.25,208.30357142857142,210.95357142857145,-0.9464,L
S896,WIPRO,2022-08-12 10:25:00+05:30,-0.0562,-0.1148,2,2.0,0.0636,50.0,4.0,0,0.4832,,0,0,0,0,1,0,1,2022-08-12 10:25:00+05:30,2022-08-12 10:30:00+05:30,2022-08-12 14:45:00+05:30,209.35,208.17142857142855,211.47142857142856,-1.1786,L
S897,WIPRO,2022-08-12 10:35:00+05:30,-0.0586,-0.0681,1,1.0,0.2917,85.71,-0.6,0,0.1801,0.0,3,1,0,1,0,3,4,2022-08-12 10:50:00+05:30,2022-08-12 10:55:00+05:30,2022-08-12 15:00:00+05:30,209.05,207.97857142857143,210.97857142857146,-0.85,EOD-
S898,WIPRO,2022-08-12 11:00:00+05:30,-0.0084,-0.0646,1,1.0,0.0221,0.0,5.6667,0,0.2199,,0,1,0,1,1,0,1,2022-08-12 11:00:00+05:30,2022-08-12 11:05:00+05:30,2022-08-12 12:20:00+05:30,209.05,208.20178571428573,210.57678571428573,-0.8482,L
S899,WIPRO,2022-08-12 11:10:00+05:30,0.055,-0.0419,0,,0.0955,33.33,2.3333,0,0.6008,,0,0,0,0,1,0,1,2022-08-12 11:10:00+05:30,2022-08-12 11:15:00+05:30,2022-08-12 12:15:00+05:30,209.25,208.46428571428572,210.6642857142857,-0.7857,L
S900,WIPRO,2022-08-12 11:20:00+05:30,0.0574,0.0263,0,,0.7733,60.0,-0.1579,0,0.6623,,0,0,0,1,1,0,1,2022-08-12 11:20:00+05:30,2022-08-12 11:25:00+05:30,2022-08-12 12:15:00+05:30,209.35,208.58214285714286,210.73214285714283,-0.7679,L
S901,WIPRO,2022-08-12 11:35:00+05:30,0.0406,0.0574,2,1.0,0.3927,100.0,-1.0,0,0.9527,0.0,1,0,0,0,0,1,2,2022-08-12 11:40:00+05:30,2022-08-12 11:45:00+05:30,2022-08-12 12:15:00+05:30,209.25,208.51785714285714,210.56785714285715,-0.7321,L
S902,WIPRO,2022-08-12 12:35:00+05:30,-0.0622,-0.049,0,,2.408,60.0,-1.0,0,0.4164,0.0,9,1,0,1,0,9,10,2022-08-12 13:20:00+05:30,2022-08-12 13:25:00+05:30,2022-08-12 15:00:00+05:30,208.65,207.98035714285714,209.85535714285717,-0.45,EOD-
S903,WIPRO,2022-08-12 13:40:00+05:30,-0.006,-0.0647,2,2.0,0.0209,60.0,39.0,0,0.9931,,0,0,0,1,1,0,1,2022-08-12 13:40:00+05:30,2022-08-12 13:45:00+05:30,2022-08-12 14:40:00+05:30,209.15,208.55178571428573,210.22678571428568,-0.5982,L
S904,WIPRO,2022-08-12 14:15:00+05:30,0.0575,0.0407,6,6.0,0.2046,66.67,0.0526,0,1.9244,,0,1,0,0,1,0,1,2022-08-12 14:15:00+05:30,2022-08-12 14:20:00+05:30,2022-08-12 14:45:00+05:30,208.8,208.21964285714287,209.84464285714287,-0.5804,L
S905,WIPRO,2022-08-12 14:25:00+05:30,0.0491,0.0503,0,,0.9162,40.0,-0.3258,0,0.6851,0.0,1,0,0,1,0,1,2,2022-08-12 14:30:00+05:30,2022-08-12 14:35:00+05:30,2022-08-12 14:45:00+05:30,208.85,208.24285714285713,209.94285714285715,-0.6071,L
S906,WIPRO,2022-08-16 10:40:00+05:30,0.1587,0.166,17,17.0,0.0,0.0,,1,0.2234,,0,1,0,1,1,0,1,2022-08-16 10:40:00+05:30,2022-08-16 10:45:00+05:30,2022-08-16 11:55:00+05:30,209.55,208.7732142857143,210.9482142857143,-0.7768,L
S907,WIPRO,2022-08-16 10:50:00+05:30,0.1384,0.1647,0,,0.1795,50.0,0.0,0,0.3994,,0,0,0,1,1,0,1,2022-08-16 10:50:00+05:30,2022-08-16 10:55:00+05:30,2022-08-16 11:55:00+05:30,209.65,208.95357142857142,210.90357142857144,-0.6964,L
S908,WIPRO,2022-08-16 11:05:00+05:30,0.0727,0.1384,1,1.0,0.0121,33.33,19.0,0,0.3886,,0,0,0,1,1,0,1,2022-08-16 11:05:00+05:30,2022-08-16 11:10:00+05:30,2022-08-16 11:15:00+05:30,209.75,209.23214285714286,210.68214285714288,-0.5179,L
S909,WIPRO,2022-08-16 11:45:00+05:30,-0.0465,-0.0119,0,,1.2943,0.0,-0.7959,0,1.0672,1.0,9,0,0,0,0,9,10,2022-08-16 12:30:00+05:30,2022-08-16 12:35:00+05:30,2022-08-16 13:10:00+05:30,209.35,208.87678571428572,210.2017857142857,-0.4732,L
S910,WIPRO,2022-08-16 12:40:00+05:30,-0.0466,-0.0717,0,,0.385,50.0,0.2121,0,0.8287,,0,0,0,0,1,0,1,2022-08-16 12:40:00+05:30,2022-08-16 12:45:00+05:30,2022-08-16 15:00:00+05:30,209.25,208.71428571428572,210.2142857142857,-0.1,EOD-
S911,WIPRO,2022-08-16 12:50:00+05:30,-0.049,-0.049,0,,0.3839,66.67,-0.4118,0,0.5123,,0,0,0,0,1,0,1,2022-08-16 12:50:00+05:30,2022-08-16 12:55:00+05:30,2022-08-16 15:00:00+05:30,209.15,208.5964285714286,210.14642857142854,0.0,EOD-
S912,WIPRO,2022-08-16 13:00:00+05:30,-0.0418,-0.0514,0,,0.5793,50.0,-0.1667,0,0.8515,,0,0,0,1,1,0,1,2022-08-16 13:00:00+05:30,2022-08-16 13:05:00+05:30,2022-08-16 15:00:00+05:30,209.25,208.73214285714286,210.18214285714285,-0.1,EOD-
S913,WIPRO,2022-08-16 13:10:00+05:30,-0.0287,-0.0454,0,,1.4764,0.0,-0.4828,0,0.6012,0.0,6,0,0,1,0,6,7,2022-08-16 13:40:00+05:30,2022-08-16 13:45:00+05:30,2022-08-16 15:00:00+05:30,209.15,208.6589285714286,210.03392857142856,0.0,EOD-
S914,WIPRO,2022-08-16 13:50:00+05:30,0.0132,-0.0347,0,,0.2463,0.0,1.1053,0,0.7188,,0,0,0,1,1,0,1,2022-08-16 13:50:00+05:30,2022-08-16 13:55:00+05:30,2022-08-16 15:00:00+05:30,209.15,208.66785714285714,210.01785714285717,0.0,EOD-
S915,WIPRO,2022-08-17 09:15:00+05:30,,,0,,0.8615,22.22,-0.5833,0,3.5016,,0,0,0,0,1,0,1,2022-08-17 09:15:00+05:30,2022-08-17 09:20:00+05:30,2022-08-17 10:05:00+05:30,209.15,208.45357142857142,210.40357142857147,1.2536,W
S916,WIPRO,2022-08-17 09:25:00+05:30,,,0,,0.1465,100.0,-1.0,0,2.0131,,0,0,1,0,1,0,1,2022-08-17 09:25:00+05:30,2022-08-17 09:30:00+05:30,2022-08-17 10:10:00+05:30,209.4,208.63214285714284,210.7821428571429,1.3821,W
S917,WIPRO,2022-08-17 09:35:00+05:30,,,0,,0.6278,33.33,-0.0805,0,0.5693,0.0,1,1,0,1,0,1,2,2022-08-17 09:40:00+05:30,2022-08-17 09:45:00+05:30,2022-08-17 10:10:00+05:30,209.15,208.28392857142856,210.7089285714286,1.5589,W
S918,WIPRO,2022-08-17 11:20:00+05:30,0.2147,0.253,19,6.0,0.4351,44.44,0.1594,0,0.6243,,0,1,1,0,1,0,1,2022-08-17 11:20:00+05:30,2022-08-17 11:25:00+05:30,2022-08-17 15:00:00+05:30,211.0,210.00892857142858,212.78392857142856,0.85,EOD+
S919,WIPRO,2022-08-17 11:30:00+05:30,0.1838,0.2243,0,,0.0066,16.67,39.0,0,0.4811,,0,0,1,1,1,0,1,2022-08-17 11:30:00+05:30,2022-08-17 11:35:00+05:30,2022-08-17 11:50:00+05:30,211.05,210.10357142857146,212.75357142857143,-0.9464,L
S920,WIPRO,2022-08-17 11:40:00+05:30,0.1493,0.1921,0,,0.8304,20.0,-0.5041,0,0.6584,1.0,9,0,0,1,0,9,10,2022-08-17 12:25:00+05:30,2022-08-17 12:30:00+05:30,2022-08-17 14:20:00+05:30,210.75,209.83928571428572,212.3892857142857,1.6393,W
S921,WIPRO,2022-08-17 12:35:00+05:30,-0.0593,-0.083,0,,0.3337,50.0,0.4634,0,0.8698,,0,1,0,1,1,0,1,2022-08-17 12:35:00+05:30,2022-08-17 12:40:00+05:30,2022-08-17 14:20:00+05:30,210.8,210.03214285714287,212.18214285714285,1.3821,W
S922,WIPRO,2022-08-18 10:00:00+05:30,-0.328,-0.3713,0,,1.2983,60.0,-0.8157,0,0.272,0.0,9,1,0,0,0,9,10,2022-08-18 10:45:00+05:30,2022-08-18 10:50:00+05:30,2022-08-18 15:00:00+05:30,209.05,206.96071428571432,212.81071428571428,-0.95,EOD-
S923,WIPRO,2022-08-18 12:05:00+05:30,-0.1487,-0.1618,0,,1.9783,0.0,-1.0,0,2.6227,1.0,9,0,0,0,0,9,10,2022-08-18 12:50:00+05:30,2022-08-18 12:55:00+05:30,2022-08-18 15:00:00+05:30,208.25,207.42857142857144,209.7285714285714,-0.15,EOD-
S924,WIPRO,2022-08-18 13:35:00+05:30,0.0324,0.0168,8,3.0,0.1346,80.0,-1.0,0,0.8082,1.0,1,0,0,0,0,1,2,2022-08-18 13:40:00+05:30,2022-08-18 13:45:00+05:30,2022-08-18 14:00:00+05:30,208.25,207.78571428571428,209.0857142857143,-0.4643,L
S925,WIPRO,2022-08-18 13:50:00+05:30,0.03,0.0324,1,1.0,0.1286,0.0,1.2222,0,1.3126,,0,0,0,1,1,0,1,2022-08-18 13:50:00+05:30,2022-08-18 13:55:00+05:30,2022-08-18 14:00:00+05:30,208.2,207.7625,208.98749999999998,-0.4375,L
S926,WIPRO,2022-08-19 10:35:00+05:30,0.2477,0.2755,16,9.0,0.3447,66.67,-0.3846,0,0.2634,0.0,1,1,0,0,0,1,2,2022-08-19 10:40:00+05:30,2022-08-19 10:45:00+05:30,2022-08-19 11:30:00+05:30,210.15,208.9714285714286,212.27142857142857,-1.1786,L
S927,WIPRO,2022-08-19 13:40:00+05:30,-0.0923,-0.0659,0,,1.7671,66.67,-0.9034,0,0.5774,0.0,9,0,0,0,0,9,10,2022-08-19 14:25:00+05:30,2022-08-19 14:30:00+05:30,2022-08-19 15:00:00+05:30,208.2,207.46785714285713,209.51785714285714,-0.7321,L
S928,WIPRO,2022-08-22 10:25:00+05:30,-0.5657,-0.5748,0,,2.017,37.5,-0.8458,0,0.3357,0.0,9,0,0,1,0,9,10,2022-08-22 11:10:00+05:30,2022-08-22 11:15:00+05:30,2022-08-22 13:40:00+05:30,203.3,202.09464285714287,205.46964285714287,-1.2054,L
S929,WIPRO,2022-08-22 11:20:00+05:30,-0.0504,-0.1672,0,,0.169,66.67,-1.0,0,1.1439,1.0,1,0,0,0,0,1,2,2022-08-22 11:25:00+05:30,2022-08-22 11:30:00+05:30,2022-08-22 12:55:00+05:30,203.45,202.67321428571427,204.84821428571428,-0.7768,L
S930,WIPRO,2022-08-22 11:35:00+05:30,-0.0234,-0.0504,1,1.0,1.1813,77.78,-0.7037,0,1.6849,1.0,5,0,0,0,0,5,6,2022-08-22 12:00:00+05:30,2022-08-22 12:05:00+05:30,2022-08-22 12:55:00+05:30,203.4,202.68571428571428,204.68571428571428,-0.7143,L
S931,WIPRO,2022-08-22 12:30:00+05:30,0.0246,-0.0074,4,3.0,0.3415,57.14,0.5,0,1.0989,,0,0,0,0,1,0,1,2022-08-22 12:30:00+05:30,2022-08-22 12:35:00+05:30,2022-08-22 12:55:00+05:30,203.3,202.56785714285715,204.61785714285713,-0.7321,L
S932,WIPRO,2022-08-22 13:30:00+05:30,-0.0665,-0.0714,0,,2.7741,40.0,-0.8754,0,1.09,1.0,9,1,0,0,0,9,10,2022-08-22 14:15:00+05:30,2022-08-22 14:20:00+05:30,2022-08-22 14:45:00+05:30,202.5,201.77678571428572,203.8017857142857,-0.7232,L
S933,WIPRO,2022-08-22 14:30:00+05:30,-0.0803,-0.1383,1,1.0,0.1482,50.0,1.2222,0,3.6286,,0,0,0,0,1,0,1,2022-08-22 14:30:00+05:30,2022-08-22 14:35:00+05:30,2022-08-22 14:45:00+05:30,202.4,201.64107142857142,203.76607142857145,-0.7589,L
S934,WIPRO,2022-08-23 11:20:00+05:30,-0.1462,-0.1801,0,,2.1092,86.67,-0.9127,0,0.7801,0.0,9,1,0,1,0,9,10,2022-08-23 12:05:00+05:30,2022-08-23 12:10:00+05:30,2022-08-23 15:00:00+05:30,197.65,196.29285714285714,200.09285714285718,1.0,EOD+
S935,WIPRO,2022-08-23 12:20:00+05:30,-0.1202,-0.1922,1,1.0,0.2488,66.67,-0.0698,0,0.5365,1.0,2,1,0,1,0,2,3,2022-08-23 12:30:00+05:30,2022-08-23 12:35:00+05:30,2022-08-23 15:00:00+05:30,197.85,196.76964285714283,199.7946428571429,0.8,EOD+
S936,WIPRO,2022-08-23 14:15:00+05:30,0.1497,0.1523,20,8.0,0.1729,66.67,-1.0,0,0.9125,1.0,1,0,0,0,0,1,2,2022-08-23 14:20:00+05:30,2022-08-23 14:25:00+05:30,2022-08-23 15:00:00+05:30,199.05,198.29107142857143,200.41607142857146,-0.4,EOD-
S937,WIPRO,2022-08-24 09:20:00+05:30,,,1,1.0,0.0717,66.67,6.6923,0,3.6657,,0,0,0,0,1,0,1,2022-08-24 09:20:00+05:30,2022-08-24 09:25:00+05:30,2022-08-24 09:40:00+05:30,199.3,198.16607142857143,201.34107142857147,-1.1339,L
S938,WIPRO,2022-08-24 09:30:00+05:30,,,0,,1.0934,70.59,-0.7196,0,0.5558,0.0,8,0,0,0,0,8,9,2022-08-24 10:10:00+05:30,2022-08-24 10:15:00+05:30,2022-08-24 15:00:00+05:30,199.1,197.87678571428572,201.30178571428573,-0.25,EOD-
S939,WIPRO,2022-08-24 10:20:00+05:30,0.0038,-0.0264,0,,0.155,71.43,-1.0,0,0.2527,,0,0,0,1,1,0,1,2022-08-24 10:20:00+05:30,2022-08-24 10:25:00+05:30,2022-08-24 15:00:00+05:30,199.2,197.86964285714285,201.59464285714284,-0.35,EOD-
S940,WIPRO,2022-08-24 10:30:00+05:30,0.0427,-0.01,1,1.0,0.3924,12.5,0.3514,0,0.4413,,0,0,0,0,1,0,1,2022-08-24 10:30:00+05:30,2022-08-24 10:35:00+05:30,2022-08-24 15:00:00+05:30,199.2,198.02142857142857,201.32142857142856,-0.35,EOD-
S941,WIPRO,2022-08-24 10:40:00+05:30,0.0327,0.0301,0,,0.6632,50.0,-0.6296,0,0.3294,1.0,1,0,0,1,0,1,2,2022-08-24 10:45:00+05:30,2022-08-24 10:50:00+05:30,2022-08-24 13:20:00+05:30,199.25,198.23214285714286,201.08214285714286,-1.0179,L
S942,WIPRO,2022-08-24 11:00:00+05:30,-0.0729,0.005,2,2.0,0.1522,33.33,0.0,0,1.4355,1.0,1,1,1,0,0,1,2,2022-08-24 11:05:00+05:30,2022-08-24 11:10:00+05:30,2022-08-24 13:20:00+05:30,199.05,198.22857142857143,200.52857142857144,-0.8214,L
S943,WIPRO,2022-08-24 11:15:00+05:30,-0.0101,-0.0729,2,2.0,0.6317,60.0,-0.4595,0,1.2266,1.0,3,0,0,0,0,3,4,2022-08-24 11:30:00+05:30,2022-08-24 11:35:00+05:30,2022-08-24 11:55:00+05:30,199.3,198.56785714285715,200.61785714285713,-0.7321,L
S944,WIPRO,2022-08-24 11:40:00+05:30,0.0364,0.0226,1,1.0,0.9364,37.5,-0.0291,0,0.5818,0.0,1,0,0,0,0,1,2,2022-08-24 11:45:00+05:30,2022-08-24 11:50:00+05:30,2022-08-24 11:55:00+05:30,199.2,198.5125,200.43749999999997,-0.6875,L
S945,WIPRO,2022-08-24 11:55:00+05:30,0.0113,0.0364,0,,1.9405,100.0,-1.0,0,0.4502,0.0,7,0,0,1,0,7,8,2022-08-24 12:30:00+05:30,2022-08-24 12:35:00+05:30,2022-08-24 13:20:00+05:30,198.9,198.19464285714287,200.16964285714286,-0.7054,L
S946,WIPRO,2022-08-24 12:55:00+05:30,-0.0453,-0.0365,0,,1.523,16.67,-0.8758,0,1.1112,1.0,9,0,0,0,0,9,10,2022-08-24 13:40:00+05:30,2022-08-24 13:45:00+05:30,2022-08-24 15:00:00+05:30,198.85,198.18928571428572,200.0392857142857,0.0,EOD-
S947,WIPRO,2022-08-24 13:55:00+05:30,0.0113,-0.0478,2,2.0,0.6176,40.0,0.0,0,1.593,1.0,1,0,0,0,0,1,2,2022-08-24 14:00:00+05:30,2022-08-24 14:05:00+05:30,2022-08-24 15:00:00+05:30,198.9,198.29285714285714,199.99285714285713,-0.05,EOD-
S948,WIPRO,2022-08-24 14:15:00+05:30,0.0013,0.0189,2,2.0,0.0096,0.0,39.0,0,0.6655,,0,1,1,1,1,0,1,2022-08-24 14:15:00+05:30,2022-08-24 14:20:00+05:30,2022-08-24 15:00:00+05:30,198.75,198.09821428571428,199.9232142857143,0.1,EOD+
S949,WIPRO,2022-08-25 10:15:00+05:30,0.1615,0.1629,12,12.0,0.074,42.86,5.1538,0,0.6457,,0,0,0,0,1,0,1,2022-08-25 10:15:00+05:30,2022-08-25 10:20:00+05:30,2022-08-25 15:00:00+05:30,199.8,198.70178571428573,201.7767857142857,-1.0982,L
S950,WIPRO,2022-08-25 10:25:00+05:30,0.1252,0.1716,0,,0.6391,0.0,0.4286,0,0.6216,,0,0,1,1,1,0,1,2022-08-25 10:25:00+05:30,2022-08-25 10:30:00+05:30,2022-08-25 14:55:00+05:30,199.85,199.02857142857144,201.3285714285714,-0.8214,L
S951,WIPRO,2022-08-25 10:55:00+05:30,0.0613,0.0813,0,,1.2807,100.0,-1.0,0,0.7257,1.0,9,1,0,0,0,9,10,2022-08-25 11:40:00+05:30,2022-08-25 11:45:00+05:30,2022-08-25 14:55:00+05:30,199.7,198.9142857142857,201.1142857142857,-0.7857,L
S952,WIPRO,2022-08-25 13:15:00+05:30,0.1287,0.1175,17,4.0,0.0237,57.14,19.0,0,0.7856,,0,1,0,1,1,0,1,2022-08-25 13:15:00+05:30,2022-08-25 13:20:00+05:30,2022-08-25 14:30:00+05:30,200.2,199.6732142857143,201.14821428571426,-0.5268,L
S953,WIPRO,2022-08-25 13:45:00+05:30,0.0599,0.0936,5,4.0,0.7339,100.0,-1.0,0,0.8988,1.0,3,0,0,0,0,3,4,2022-08-25 14:00:00+05:30,2022-08-25 14:05:00+05:30,2022-08-25 14:30:00+05:30,200.4,199.8464285714286,201.39642857142857,-0.5536,L
S954,WIPRO,2022-08-26 10:35:00+05:30,0.2393,0.1848,16,15.0,0.1802,75.0,-1.0,0,2.5773,1.0,5,0,1,0,0,5,6,2022-08-26 11:00:00+05:30,2022-08-26 11:05:00+05:30,2022-08-26 13:05:00+05:30,200.95,200.04821428571427,202.57321428571427,-0.9018,L
S955,WIPRO,2022-08-26 11:10:00+05:30,-0.0087,0.1818,0,,0.4417,60.0,-1.0,0,0.5524,0.0,5,0,1,1,0,5,6,2022-08-26 11:35:00+05:30,2022-08-26 11:40:00+05:30,2022-08-26 12:20:00+05:30,200.8,200.05,202.15,-0.75,L
S956,WIPRO,2022-08-26 11:45:00+05:30,-0.0548,-0.0598,0,,0.5364,40.0,-0.661,0,0.3554,,0,0,1,1,1,0,1,2022-08-26 11:45:00+05:30,2022-08-26 11:50:00+05:30,2022-08-26 13:05:00+05:30,200.65,199.9625,201.8875,-0.6875,L
S957,WIPRO,2022-08-26 11:55:00+05:30,-0.0324,-0.0498,0,,0.489,0.0,0.1765,0,0.4307,,0,1,0,1,1,0,1,2022-08-26 11:55:00+05:30,2022-08-26 12:00:00+05:30,2022-08-26 13:05:00+05:30,200.6,199.94821428571427,201.7732142857143,-0.6518,L
S958,WIPRO,2022-08-26 13:10:00+05:30,-0.0661,-0.0524,0,,2.5242,25.0,-0.8319,0,1.1328,0.0,9,0,0,1,0,9,10,2022-08-26 13:55:00+05:30,2022-08-26 14:00:00+05:30,2022-08-26 14:35:00+05:30,200.2,199.6107142857143,201.26071428571424,-0.5893,L
S959,WIPRO,2022-08-26 14:10:00+05:30,-0.0312,-0.0737,1,1.0,0.1723,16.67,1.5,0,0.9272,,0,1,0,0,1,0,1,2022-08-26 14:10:00+05:30,2022-08-26 14:15:00+05:30,2022-08-26 14:35:00+05:30,200.15,199.56964285714287,201.19464285714284,-0.5804,L
S960,WIPRO,2022-08-26 14:20:00+05:30,-0.02,-0.05,0,,0.1444,50.0,2.0769,0,0.7736,,0,0,0,0,1,0,1,2022-08-26 14:20:00+05:30,2022-08-26 14:25:00+05:30,2022-08-26 14:35:00+05:30,200.15,199.5875,201.1625,-0.5625,L
S961,WIPRO,2022-08-29 10:05:00+05:30,-0.8448,-0.8978,0,,2.5472,50.0,-0.9672,0,0.155,0.0,9,0,0,1,0,9,10,2022-08-29 10:50:00+05:30,2022-08-29 10:55:00+05:30,2022-08-29 15:00:00+05:30,193.4,190.40892857142856,198.7839285714286,-0.3,EOD-
S962,WIPRO,2022-08-29 11:10:00+05:30,-0.0647,-0.6096,4,2.0,0.6023,81.82,-0.4595,0,0.3966,0.0,1,0,0,1,0,1,2,2022-08-29 11:15:00+05:30,2022-08-29 11:20:00+05:30,2022-08-29 15:00:00+05:30,193.45,192.68214285714285,194.83214285714283,-0.35,EOD-
S963,WIPRO,2022-08-29 11:40:00+05:30,0.0194,0.0582,0,,0.3382,0.0,-0.5349,0,0.8649,1.0,9,0,0,1,0,9,10,2022-08-29 12:25:00+05:30,2022-08-29 12:30:00+05:30,2022-08-29 15:00:00+05:30,193.25,192.45535714285717,194.68035714285713,-0.15,EOD-
S964,WIPRO,2022-08-29 12:35:00+05:30,-0.0142,-0.0129,0,,0.7424,14.29,-0.4286,0,0.6633,0.0,8,0,0,0,0,8,9,2022-08-29 13:15:00+05:30,2022-08-29 13:20:00+05:30,2022-08-29 15:00:00+05:30,193.15,192.5607142857143,194.21071428571426,-0.05,EOD-
S965,WIPRO,2022-08-29 13:25:00+05:30,-0.0078,-0.022,0,,0.2545,33.33,-1.0,0,1.1812,,0,1,0,0,1,0,1,2022-08-29 13:25:00+05:30,2022-08-29 13:30:00+05:30,2022-08-29 15:00:00+05:30,193.25,192.6607142857143,194.31071428571425,-0.15,EOD-
S966,WIPRO,2022-08-29 14:25:00+05:30,0.0323,0.0285,11,7.0,0.1585,80.0,0.6667,0,0.4454,,0,0,0,1,1,0,1,2022-08-29 14:25:00+05:30,2022-08-29 14:30:00+05:30,2022-08-29 15:00:00+05:30,193.3,192.82678571428573,194.15178571428572,-0.2,EOD-
S967,WIPRO,2022-09-01 10:05:00+05:30,-0.2872,-0.2829,0,,1.3706,75.0,-0.9142,0,0.2364,1.0,9,0,0,1,0,9,10,2022-09-01 10:50:00+05:30,2022-09-01 10:55:00+05:30,2022-09-01 15:00:00+05:30,196.1,193.975,199.92499999999998,-0.15,EOD-
S968,WIPRO,2022-09-01 11:00:00+05:30,-0.1085,-0.2232,2,2.0,0.5966,33.33,0.0667,0,0.5707,,0,0,1,1,1,0,1,2022-09-01 11:00:00+05:30,2022-09-01 11:05:00+05:30,2022-09-01 13:15:00+05:30,196.0,195.2142857142857,197.41428571428574,-0.7857,L
S969,WIPRO,2022-09-01 11:10:00+05:30,-0.0038,-0.1684,0,,0.123,0.0,-1.0,0,0.3691,0.0,1,0,0,1,0,1,2,2022-09-01 11:15:00+05:30,2022-09-01 11:20:00+05:30,2022-09-01 13:15:00+05:30,195.95,195.28928571428568,197.13928571428573,-0.6607,L
S970,WIPRO,2022-09-01 11:25:00+05:30,-0.0013,-0.0038,0,,0.3719,0.0,0.1765,0,0.5585,,0,0,0,1,1,0,1,2022-09-01 11:25:00+05:30,2022-09-01 11:30:00+05:30,2022-09-01 12:10:00+05:30,195.95,195.3785714285714,196.97857142857146,-0.5714,L
S971,WIPRO,2022-09-01 11:35:00+05:30,-0.0204,0.0128,1,1.0,0.8694,25.0,-0.2208,0,3.9054,1.0,3,0,0,0,0,3,4,2022-09-01 11:50:00+05:30,2022-09-01 11:55:00+05:30,2022-09-01 12:10:00+05:30,195.95,195.39642857142854,196.94642857142858,-0.5536,L
S972,WIPRO,2022-09-01 12:00:00+05:30,-0.0179,-0.0051,0,,1.1795,0.0,-0.8374,0,1.1447,1.0,3,0,0,0,0,3,4,2022-09-01 12:15:00+05:30,2022-09-01 12:20:00+05:30,2022-09-01 13:15:00+05:30,195.95,195.29821428571427,197.12321428571428,-0.6518,L
S973,WIPRO,2022-09-01 12:25:00+05:30,-0.014,-0.0319,0,,0.6222,60.0,-0.7222,0,1.1923,1.0,2,1,1,0,0,2,3,2022-09-01 12:35:00+05:30,2022-09-01 12:40:00+05:30,2022-09-01 13:15:00+05:30,196.0,195.27678571428572,197.3017857142857,-0.7232,L
S974,WIPRO,2022-09-01 12:45:00+05:30,-0.014,-0.0089,0,,0.0376,100.0,-1.0,0,0.6049,1.0,1,0,0,1,0,1,2,2022-09-01 12:50:00+05:30,2022-09-01 12:55:00+05:30,2022-09-01 15:00:00+05:30,195.95,195.11964285714285,197.44464285714284,0.0,EOD-
S975,WIPRO,2022-09-01 13:00:00+05:30,-0.0089,-0.014,0,,0.6259,0.0,-0.4737,0,1.0149,1.0,7,1,0,1,0,7,8,2022-09-01 13:35:00+05:30,2022-09-01 13:40:00+05:30,2022-09-01 15:00:00+05:30,195.85,195.0910714285714,197.2160714285714,0.1,EOD+
S976,WIPRO,2022-09-01 13:55:00+05:30,0.0204,0.0051,2,1.0,1.6,70.59,-0.7115,0,1.4241,0.0,7,0,1,0,0,7,8,2022-09-01 14:30:00+05:30,2022-09-01 14:35:00+05:30,2022-09-01 15:00:00+05:30,196.1,195.2875,197.5625,-0.15,EOD-
S977,WIPRO,2022-09-02 09:45:00+05:30,0.0332,,0,,1.1685,62.5,-0.9034,0,0.5196,1.0,9,0,0,0,0,9,10,2022-09-02 10:30:00+05:30,2022-09-02 10:35:00+05:30,2022-09-02 14:50:00+05:30,195.75,194.64285714285714,197.74285714285713,-1.1071,L
S978,WIPRO,2022-09-02 10:40:00+05:30,-0.0549,-0.0779,0,,0.84,42.86,-0.5455,0,0.4521,0.0,4,0,0,1,0,4,5,2022-09-02 11:00:00+05:30,2022-09-02 11:05:00+05:30,2022-09-02 15:00:00+05:30,195.55,194.56785714285718,197.31785714285712,-0.85,EOD-
S979,WIPRO,2022-09-02 11:10:00+05:30,-0.1113,-0.1074,0,,0.6245,25.0,-0.5604,0,0.7147,0.0,1,0,0,1,0,1,2,2022-09-02 11:15:00+05:30,2022-09-02 11:20:00+05:30,2022-09-02 14:45:00+05:30,195.65,194.73928571428573,197.2892857142857,-0.9107,L
S980,WIPRO,2022-09-02 11:25:00+05:30,-0.0384,-0.1113,1,1.0,0.1677,66.67,-0.1304,0,2.2936,1.0,6,1,0,1,0,6,7,2022-09-02 11:55:00+05:30,2022-09-02 12:00:00+05:30,2022-09-02 14:50:00+05:30,195.5,194.64285714285714,197.04285714285714,-0.8571,L
S981,WIPRO,2022-09-02 12:05:00+05:30,0.0013,0.0026,0,,0.3659,16.67,-0.1304,0,0.57,0.0,3,0,0,1,0,3,4,2022-09-02 12:20:00+05:30,2022-09-02 12:25:00+05:30,2022-09-02 14:50:00+05:30,195.45,194.6642857142857,196.8642857142857,-0.7857,L
S982,WIPRO,2022-09-02 12:30:00+05:30,-0.0269,-0.0141,0,,0.2612,50.0,-1.0,0,0.826,1.0,2,0,0,1,0,2,3,2022-09-02 12:40:00+05:30,2022-09-02 12:45:00+05:30,2022-09-02 14:45:00+05:30,195.45,194.8517857142857,196.5267857142857,-0.5982,L
S983,WIPRO,2022-09-02 12:50:00+05:30,-0.0077,-0.0179,0,,0.2293,25.0,-1.0,0,0.3936,0.0,1,0,0,1,0,1,2,2022-09-02 12:55:00+05:30,2022-09-02 13:00:00+05:30,2022-09-02 14:40:00+05:30,195.5,194.98214285714286,196.43214285714285,-0.5179,L
S984,WIPRO,2022-09-02 13:25:00+05:30,0.0435,0.0064,4,2.0,0.0949,0.0,6.5,0,0.3723,,0,0,0,1,1,0,1,2022-09-02 13:25:00+05:30,2022-09-02 13:30:00+05:30,2022-09-02 14:15:00+05:30,195.6,195.07321428571427,196.54821428571427,-0.5268,L
S985,WIPRO,2022-09-05 09:15:00+05:30,,,0,,5.9272,2.56,-0.2298,0,1.012,0.0,9,0,0,1,0,9,10,2022-09-05 10:00:00+05:30,2022-09-05 10:05:00+05:30,2022-09-05 11:20:00+05:30,194.7,193.8785714285714,196.17857142857142,-0.8214,L
S986,WIPRO,2022-09-05 10:10:00+05:30,-0.0527,-0.0925,0,,0.2333,75.0,-0.5455,0,0.4868,0.0,3,0,0,1,0,3,4,2022-09-05 10:25:00+05:30,2022-09-05 10:30:00+05:30,2022-09-05 15:00:00+05:30,194.65,193.47142857142856,196.7714285714286,-0.9,EOD-
S987,WIPRO,2022-09-05 11:50:00+05:30,-0.0927,-0.0695,0,,1.8442,0.0,-0.854,0,0.2411,0.0,9,0,0,1,0,9,10,2022-09-05 12:35:00+05:30,2022-09-05 12:40:00+05:30,2022-09-05 15:00:00+05:30,194.0,193.5357142857143,194.83571428571426,-0.25,EOD-
S988,WIPRO,2022-09-05 12:45:00+05:30,-0.0425,-0.0632,0,,0.448,33.33,-0.375,0,0.2469,,0,0,0,1,1,0,1,2022-09-05 12:45:00+05:30,2022-09-05 12:50:00+05:30,2022-09-05 15:00:00+05:30,193.95,193.50357142857143,194.7535714285714,-0.2,EOD-
S989,WIPRO,2022-09-05 12:55:00+05:30,-0.0413,-0.049,0,,1.4891,0.0,-0.4872,0,0.1955,0.0,1,1,0,1,0,1,2,2022-09-05 13:00:00+05:30,2022-09-05 13:05:00+05:30,2022-09-05 15:00:00+05:30,193.9,193.4089285714286,194.78392857142856,-0.15,EOD-
S990,WIPRO,2022-09-05 13:10:00+05:30,-0.0206,-0.0413,0,,1.0038,80.0,-0.7368,0,1.3802,1.0,5,0,0,1,0,5,6,2022-09-05 13:35:00+05:30,2022-09-05 13:40:00+05:30,2022-09-05 15:00:00+05:30,194.05,193.57678571428573,194.90178571428572,-0.3,EOD-
S991,WIPRO,2022-09-05 13:45:00+05:30,-0.009,-0.0219,0,,0.9373,16.67,-0.4937,0,0.4864,0.0,1,1,0,1,0,1,2,2022-09-05 13:50:00+05:30,2022-09-05 13:55:00+05:30,2022-09-05 15:00:00+05:30,193.85,193.3232142857143,194.79821428571427,-0.1,EOD-
S992,WIPRO,2022-09-05 14:05:00+05:30,-0.0116,-0.0064,1,1.0,0.4224,50.0,-1.0,0,0.5581,0.0,2,0,0,0,0,2,3,2022-09-05 14:15:00+05:30,2022-09-05 14:20:00+05:30,2022-09-05 15:00:00+05:30,193.85,193.33214285714286,194.78214285714284,-0.1,EOD-
S993,WIPRO,2022-09-05 14:25:00+05:30,-0.0193,-0.0116,0,,0.3,0.0,0.6667,0,0.7834,,0,1,0,1,1,0,1,2022-09-05 14:25:00+05:30,2022-09-05 14:30:00+05:30,2022-09-05 15:00:00+05:30,193.85,193.35,194.75,-0.1,EOD-
S994,WIPRO,2022-09-06 10:20:00+05:30,-0.202,-0.172,0,,2.9673,71.43,-0.9582,0,0.7212,0.0,9,0,0,0,0,9,10,2022-09-06 11:05:00+05:30,2022-09-06 11:10:00+05:30,2022-09-06 15:00:00+05:30,192.45,191.44107142857143,194.26607142857142,0.9,EOD+
S995,WIPRO,2022-09-06 11:20:00+05:30,-0.1183,-0.1858,1,1.0,0.7962,57.14,-0.5604,0,0.5201,0.0,2,1,0,1,0,2,3,2022-09-06 11:30:00+05:30,2022-09-06 11:35:00+05:30,2022-09-06 14:25:00+05:30,192.35,191.63571428571427,193.63571428571427,1.2857,W
S996,WIPRO,2022-09-06 13:05:00+05:30,0.0778,0.0714,18,3.0,0.3023,33.33,3.2105,0,1.1949,,0,1,0,0,1,0,1,2022-09-06 13:05:00+05:30,2022-09-06 13:10:00+05:30,2022-09-06 14:15:00+05:30,192.85,192.45714285714286,193.55714285714285,0.7071,W
S997,WIPRO,2022-09-06 13:20:00+05:30,0.0649,0.0778,1,1.0,0.0132,25.0,39.0,0,1.1047,,0,1,1,1,1,0,1,2022-09-06 13:20:00+05:30,2022-09-06 13:25:00+05:30,2022-09-06 14:25:00+05:30,192.95,192.4767857142857,193.8017857142857,0.8518,W
S998,WIPRO,2022-09-07 09:50:00+05:30,-0.1347,,0,,1.3691,0.0,-0.8496,0,0.3521,1.0,9,0,0,0,0,9,10,2022-09-07 10:35:00+05:30,2022-09-07 10:40:00+05:30,2022-09-07 13:25:00+05:30,192.6,191.3857142857143,194.78571428571428,2.1857,W
S999,WIPRO,2022-09-07 10:45:00+05:30,-0.0935,-0.1168,0,,0.3792,66.67,-0.2308,0,0.5912,1.0,8,1,0,1,0,8,9,2022-09-07 11:25:00+05:30,2022-09-07 11:30:00+05:30,2022-09-07 12:05:00+05:30,192.45,192.02142857142857,193.22142857142853,0.7714,W
S1000,WIPRO,2022-09-07 11:35:00+05:30,-0.0026,-0.0104,0,,0.5886,0.0,0.0811,0,0.6601,,0,0,0,1,1,0,1,2022-09-07 11:35:00+05:30,2022-09-07 11:40:00+05:30,2022-09-07 12:05:00+05:30,192.4,192.00714285714287,193.10714285714286,0.7071,W
S1001,WIPRO,2022-09-07 11:45:00+05:30,0.0104,-0.0013,0,,0.3348,83.33,-0.0909,0,2.1309,,0,1,0,0,1,0,1,2022-09-07 11:45:00+05:30,2022-09-07 11:50:00+05:30,2022-09-07 12:15:00+05:30,192.7,192.2892857142857,193.4392857142857,0.7393,W
S1002,WIPRO,2022-09-08 10:45:00+05:30,0.3376,0.351,18,10.0,0.2192,0.0,3.5161,0,0.7154,,0,1,0,0,1,0,1,2022-09-08 10:45:00+05:30,2022-09-08 10:50:00+05:30,2022-09-08 12:55:00+05:30,197.25,196.36607142857142,198.84107142857144,-0.8839,L
S1003,WIPRO,2022-09-08 11:20:00+05:30,0.0558,0.1737,6,4.0,0.3678,40.0,0.2903,0,0.7591,,0,0,1,1,1,0,1,2022-09-08 11:20:00+05:30,2022-09-08 11:25:00+05:30,2022-09-08 12:05:00+05:30,197.35,196.8232142857143,198.29821428571427,-0.5268,L
S1004,WIPRO,2022-09-08 11:30:00+05:30,0.0558,0.0722,0,,0.4855,60.0,-0.5349,0,1.5284,,0,0,0,1,1,0,1,2022-09-08 11:30:00+05:30,2022-09-08 11:35:00+05:30,2022-09-08 12:05:00+05:30,197.4,196.8464285714286,198.39642857142854,-0.5536,L
S1005,WIPRO,2022-09-08 12:40:00+05:30,-0.0609,-0.0621,0,,1.2483,50.0,-1.0,0,1.7557,1.0,9,0,0,0,0,9,10,2022-09-08 13:25:00+05:30,2022-09-08 13:30:00+05:30,2022-09-08 15:00:00+05:30,196.9,196.36428571428573,197.8642857142857,0.9643,W
S1006,WIPRO,2022-09-08 13:35:00+05:30,-0.075,-0.1041,1,1.0,0.2987,50.0,0.25,0,1.0768,,0,0,0,0,1,0,1,2022-09-08 13:35:00+05:30,2022-09-08 13:40:00+05:30,2022-09-08 15:00:00+05:30,196.8,196.13035714285712,198.00535714285718,0.75,EOD+
S1007,WIPRO,2022-09-08 13:45:00+05:30,-0.0496,-0.0889,0,,0.4068,66.67,-0.5349,0,1.8615,,0,0,0,0,1,0,1,2022-09-08 13:45:00+05:30,2022-09-08 13:50:00+05:30,2022-09-08 15:00:00+05:30,196.9,196.2392857142857,198.08928571428575,0.65,EOD+
S1008,WIPRO,2022-09-08 13:55:00+05:30,-0.0241,-0.0661,0,,0.3679,57.14,-0.5122,0,1.2828,,0,1,0,0,1,0,1,2022-09-08 13:55:00+05:30,2022-09-08 14:00:00+05:30,2022-09-08 15:00:00+05:30,196.9,196.20357142857142,198.15357142857147,0.65,EOD+
S1009,WIPRO,2022-09-09 10:10:00+05:30,0.0759,0.0911,11,11.0,0.1235,100.0,-1.0,0,0.4388,0.0,1,1,0,0,0,1,2,2022-09-09 10:15:00+05:30,2022-09-09 10:20:00+05:30,2022-09-09 14:20:00+05:30,197.6,196.38571428571427,199.78571428571428,2.1857,W
S1010,WIPRO,2022-09-09 10:25:00+05:30,0.0316,0.0759,0,,0.3684,50.0,-0.6,0,1.2294,1.0,9,0,0,0,0,9,10,2022-09-09 11:10:00+05:30,2022-09-09 11:15:00+05:30,2022-09-09 11:35:00+05:30,197.65,196.80178571428573,199.17678571428573,-0.8482,L
S1011,WIPRO,2022-09-09 11:50:00+05:30,-0.0975,-0.0836,0,,1.9833,50.0,-0.7861,0,1.1905,1.0,9,1,0,1,0,9,10,2022-09-09 12:35:00+05:30,2022-09-09 12:40:00+05:30,2022-09-09 12:45:00+05:30,197.25,196.66071428571428,198.3107142857143,1.0607,W
S1012,WIPRO,2022-09-12 10:35:00+05:30,0.2492,0.262,16,9.0,0.0968,20.0,5.1538,0,0.3224,,0,1,0,1,1,0,1,2022-09-12 10:35:00+05:30,2022-09-12 10:40:00+05:30,2022-09-12 15:00:00+05:30,201.8,200.9607142857143,203.31071428571434,0.35,EOD+
S1013,WIPRO,2022-09-12 10:45:00+05:30,0.2996,0.2394,0,,0.6423,37.5,-0.5506,0,0.2498,0.0,3,0,0,0,0,3,4,2022-09-12 11:00:00+05:30,2022-09-12 11:05:00+05:30,2022-09-12 15:00:00+05:30,201.95,201.08392857142854,203.50892857142858,0.2,EOD+
S1014,WIPRO,2022-09-12 11:10:00+05:30,0.0742,0.2747,0,,0.3854,0.0,-0.1837,0,2.1452,1.0,5,0,1,0,0,5,6,2022-09-12 11:35:00+05:30,2022-09-12 11:40:00+05:30,2022-09-12 15:00:00+05:30,202.1,201.30535714285713,203.53035714285716,0.05,EOD+
S1015,WIPRO,2022-09-12 12:45:00+05:30,0.0532,0.0693,13,6.0,0.2406,66.67,0.8182,0,0.7328,,0,1,0,0,1,0,1,2022-09-12 12:45:00+05:30,2022-09-12 12:50:00+05:30,2022-09-12 15:00:00+05:30,202.15,201.57857142857145,203.17857142857142,0.0,EOD-
S1016,WIPRO,2022-09-12 12:55:00+05:30,0.0408,0.0544,0,,0.1667,50.0,0.3333,0,0.5802,,0,0,0,0,1,0,1,2022-09-12 12:55:00+05:30,2022-09-12 13:00:00+05:30,2022-09-12 15:00:00+05:30,202.2,201.6375,203.21249999999998,-0.05,EOD-
S1017,WIPRO,2022-09-12 13:05:00+05:30,0.0309,0.047,0,,1.0924,0.0,-0.4175,0,0.7561,1.0,8,0,0,0,0,8,9,2022-09-12 13:45:00+05:30,2022-09-12 13:50:00+05:30,2022-09-12 15:00:00+05:30,202.3,201.7107142857143,203.3607142857143,-0.15,EOD-
S1018,WIPRO,2022-09-12 13:55:00+05:30,-0.0185,-0.0037,0,,1.1065,40.0,-0.3878,0,0.8705,1.0,1,1,0,1,0,1,2,2022-09-12 14:00:00+05:30,2022-09-12 14:05:00+05:30,2022-09-12 15:00:00+05:30,202.2,201.64642857142854,203.19642857142858,-0.05,EOD-
S1019,WIPRO,2022-09-12 14:25:00+05:30,0.0037,-0.0173,3,1.0,0.0,50.0,,1,1.4219,,0,0,0,0,1,0,1,2022-09-12 14:25:00+05:30,2022-09-12 14:30:00+05:30,2022-09-12 15:00:00+05:30,202.3,201.79107142857143,203.21607142857144,-0.15,EOD-
S1020,WIPRO,2022-09-13 11:10:00+05:30,-0.058,0.0506,0,,3.1552,37.5,-0.7351,0,0.8611,1.0,9,0,0,0,0,9,10,2022-09-13 11:55:00+05:30,2022-09-13 12:00:00+05:30,2022-09-13 15:00:00+05:30,202.35,201.75178571428572,203.4267857142857,-0.2,EOD-
S1021,WIPRO,2022-09-14 10:05:00+05:30,-0.5257,-0.5203,0,,2.3103,33.33,-0.9539,0,0.2317,0.0,9,1,0,1,0,9,10,2022-09-14 10:50:00+05:30,2022-09-14 10:55:00+05:30,2022-09-14 15:00:00+05:30,198.05,195.70178571428573,202.27678571428572,2.65,EOD+
S1022,WIPRO,2022-09-14 11:10:00+05:30,-0.0076,-0.3638,2,2.0,0.2202,12.5,3.2857,0,0.476,,0,0,0,0,1,0,1,2022-09-14 11:10:00+05:30,2022-09-14 11:15:00+05:30,2022-09-14 12:30:00+05:30,198.25,197.45535714285714,199.68035714285716,1.4304,W
S1023,WIPRO,2022-09-14 13:00:00+05:30,0.1169,0.1547,21,5.0,0.5687,44.44,-0.1209,0,0.9824,,0,1,0,0,1,0,1,2022-09-14 13:00:00+05:30,2022-09-14 13:05:00+05:30,2022-09-14 14:35:00+05:30,199.0,198.0,200.79999999999998,1.8,W
S1024,WIPRO,2022-09-14 13:50:00+05:30,0.1291,0.1706,9,4.0,0.4953,12.5,0.6,0,0.8154,,0,1,0,0,1,0,1,2022-09-14 13:50:00+05:30,2022-09-14 13:55:00+05:30,2022-09-14 14:35:00+05:30,199.5,198.55357142857142,201.20357142857145,1.7036,W
S1025,WIPRO,2022-09-15 09:15:00+05:30,,,0,,0.4633,14.29,1.4818,0,2.2044,,0,0,1,0,1,0,1,2022-09-15 09:15:00+05:30,2022-09-15 09:20:00+05:30,2022-09-15 09:50:00+05:30,200.8,198.95178571428573,204.12678571428575,-1.8482,L
S1026,WIPRO,2022-09-15 10:45:00+05:30,-0.1145,-0.2502,0,,2.4037,28.57,-0.9572,0,0.4972,1.0,9,1,0,1,0,9,10,2022-09-15 11:30:00+05:30,2022-09-15 11:35:00+05:30,2022-09-15 15:00:00+05:30,198.15,196.93571428571428,200.33571428571432,0.55,EOD+
S1027,WIPRO,2022-09-15 11:50:00+05:30,0.005,-0.1048,3,3.0,0.9309,50.0,-0.36,0,0.849,0.0,9,0,1,1,0,9,10,2022-09-15 12:35:00+05:30,2022-09-15 12:40:00+05:30,2022-09-15 15:00:00+05:30,198.15,197.3107142857143,199.66071428571428,0.55,EOD+
S1028,WIPRO,2022-09-15 12:45:00+05:30,0.0114,0.0038,0,,0.823,71.43,-0.7701,0,0.7083,0.0,1,0,0,1,0,1,2,2022-09-15 12:50:00+05:30,2022-09-15 12:55:00+05:30,2022-09-15 15:00:00+05:30,197.95,197.2892857142857,199.13928571428568,0.75,EOD+
S1029,WIPRO,2022-09-15 13:00:00+05:30,0.0177,0.0114,0,,0.5971,40.0,-0.3103,0,1.0026,,0,0,0,1,1,0,1,2022-09-15 13:00:00+05:30,2022-09-15 13:05:00+05:30,2022-09-15 15:00:00+05:30,198.05,197.44285714285715,199.14285714285714,0.65,EOD+
S1030,WIPRO,2022-09-15 13:10:00+05:30,0.0063,0.0126,0,,0.9333,33.33,-0.5652,0,0.8363,0.0,3,0,0,1,0,3,4,2022-09-15 13:25:00+05:30,2022-09-15 13:30:00+05:30,2022-09-15 14:40:00+05:30,197.95,197.33392857142857,199.05892857142857,1.1089,W
S1031,WIPRO,2022-09-15 13:35:00+05:30,-0.0291,-0.0265,0,,0.7103,40.0,-0.4203,0,1.4047,1.0,5,1,0,1,0,5,6,2022-09-15 14:00:00+05:30,2022-09-15 14:05:00+05:30,2022-09-15 15:00:00+05:30,198.25,197.64285714285714,199.34285714285713,0.45,EOD+
S1032,WIPRO,2022-09-16 11:00:00+05:30,-0.2692,-0.4444,0,,0.6213,20.0,-0.2405,0,0.7559,1.0,9,0,0,1,0,9,10,2022-09-16 11:45:00+05:30,2022-09-16 11:50:00+05:30,2022-09-16 13:05:00+05:30,194.9,194.10535714285714,196.33035714285717,-0.7946,L
S1033,WIPRO,2022-09-16 11:55:00+05:30,0.0359,-0.0578,1,1.0,0.0424,0.0,9.0,0,1.3387,,0,0,0,0,1,0,1,2022-09-16 11:55:00+05:30,2022-09-16 12:00:00+05:30,2022-09-16 13:00:00+05:30,194.9,194.31071428571428,195.96071428571432,-0.5893,L
S1034,WIPRO,2022-09-16 12:05:00+05:30,0.0359,0.0116,0,,0.64,100.0,-1.0,0,0.4793,0.0,3,0,0,1,0,3,4,2022-09-16 12:20:00+05:30,2022-09-16 12:25:00+05:30,2022-09-16 13:05:00+05:30,194.8,194.175,195.925,-0.625,L
S1035,WIPRO,2022-09-16 13:45:00+05:30,-0.1223,-0.135,0,,1.0595,66.67,-1.0,0,1.2388,1.0,9,0,0,0,0,9,10,2022-09-16 14:30:00+05:30,2022-09-16 14:35:00+05:30,2022-09-16 15:00:00+05:30,194.55,193.5589285714286,196.33392857142857,-0.9911,L
S1036,WIPRO,2022-09-19 09:15:00+05:30,,,0,,2.1401,68.42,-0.6542,0,0.4516,0.0,7,0,0,0,0,7,8,2022-09-19 09:50:00+05:30,2022-09-19 09:55:00+05:30,2022-09-19 15:00:00+05:30,192.75,190.72321428571428,196.3982142857143,-0.2,EOD-
S1037,WIPRO,2022-09-19 11:10:00+05:30,0.2485,0.2347,14,6.0,0.0241,90.0,-1.0,0,0.3387,,0,0,0,1,1,0,1,2022-09-19 11:10:00+05:30,2022-09-19 11:15:00+05:30,2022-09-19 11:35:00+05:30,193.6,192.30535714285713,195.93035714285713,-1.2946,L
S1038,WIPRO,2022-09-19 11:20:00+05:30,0.2509,0.2706,1,1.0,0.3905,33.33,-0.2683,0,0.6813,1.0,9,0,0,1,0,9,10,2022-09-19 12:05:00+05:30,2022-09-19 12:10:00+05:30,2022-09-19 15:00:00+05:30,193.15,191.8375,195.51250000000002,-0.6,EOD-
S1039,WIPRO,2022-09-19 12:25:00+05:30,-0.079,-0.0712,2,1.0,0.1081,33.33,0.0526,0,0.438,,0,0,0,1,1,0,1,2022-09-19 12:25:00+05:30,2022-09-19 12:30:00+05:30,2022-09-19 15:00:00+05:30,192.95,191.8517857142857,194.92678571428567,-0.4,EOD-
S1040,WIPRO,2022-09-19 12:35:00+05:30,-0.1063,-0.0803,0,,1.238,14.29,-0.7196,0,0.632,0.0,2,0,0,0,0,2,3,2022-09-19 12:45:00+05:30,2022-09-19 12:50:00+05:30,2022-09-19 15:00:00+05:30,192.85,191.76964285714286,194.79464285714283,-0.3,EOD-
S1041,WIPRO,2022-09-19 12:55:00+05:30,-0.1077,-0.1076,0,,0.768,20.0,-0.469,0,0.8336,1.0,8,1,1,1,0,8,9,2022-09-19 13:35:00+05:30,2022-09-19 13:40:00+05:30,2022-09-19 15:00:00+05:30,192.8,191.88035714285718,194.4553571428571,-0.25,EOD-
S1042,WIPRO,2022-09-19 14:20:00+05:30,0.0259,-0.0234,7,1.0,0.1615,63.64,1.8571,0,1.0505,,0,0,0,0,1,0,1,2022-09-19 14:20:00+05:30,2022-09-19 14:25:00+05:30,2022-09-19 15:00:00+05:30,192.85,192.03749999999997,194.31250000000003,-0.3,EOD-
S1043,WIPRO,2022-09-19 14:30:00+05:30,0.048,0.0143,0,,0.4879,81.82,-0.4203,0,1.5968,,0,0,0,1,1,0,1,2022-09-19 14:30:00+05:30,2022-09-19 14:35:00+05:30,2022-09-19 15:00:00+05:30,193.15,192.26607142857142,194.74107142857147,-0.8839,L
S1044,WIPRO,2022-09-20 11:20:00+05:30,0.1744,0.2541,25,13.0,0.4213,71.43,-1.0,0,0.7644,1.0,9,0,0,0,0,9,10,2022-09-20 12:05:00+05:30,2022-09-20 12:10:00+05:30,2022-09-20 13:40:00+05:30,195.0,194.0357142857143,196.73571428571427,-0.9643,L
S1045,WIPRO,2022-09-20 12:15:00+05:30,-0.032,-0.009,0,,0.5621,0.0,-0.2453,0,0.884,1.0,6,0,0,0,0,6,7,2022-09-20 12:45:00+05:30,2022-09-20 12:50:00+05:30,2022-09-20 13:25:00+05:30,194.95,194.36071428571427,196.01071428571427,-0.5893,L
S1046,WIPRO,2022-09-21 11:30:00+05:30,-0.0794,-0.108,0,,1.5667,57.14,-0.5745,0,0.3582,0.0,9,0,0,0,0,9,10,2022-09-21 12:15:00+05:30,2022-09-21 12:20:00+05:30,2022-09-21 14:30:00+05:30,191.95,191.38749999999996,192.96250000000003,-0.5625,L
S1047,WIPRO,2022-09-21 12:25:00+05:30,-0.0508,-0.0495,0,,1.0427,25.0,-0.7203,0,1.3911,1.0,4,0,0,1,0,4,5,2022-09-21 12:45:00+05:30,2022-09-21 12:50:00+05:30,2022-09-21 14:40:00+05:30,191.95,191.09285714285713,193.49285714285713,-0.8571,L
S1048,WIPRO,2022-09-21 13:05:00+05:30,-0.0104,-0.0352,2,2.0,0.2479,66.67,-1.0,0,0.2056,0.0,1,1,1,1,0,1,2,2022-09-21 13:10:00+05:30,2022-09-21 13:15:00+05:30,2022-09-21 14:40:00+05:30,191.9,191.04285714285714,193.44285714285712,-0.8571,L
S1049,WIPRO,2022-09-21 13:20:00+05:30,-0.0104,-0.0104,0,,0.0747,33.33,1.5,0,0.4709,,0,0,0,0,1,0,1,2022-09-21 13:20:00+05:30,2022-09-21 13:25:00+05:30,2022-09-21 14:40:00+05:30,191.85,191.18035714285713,193.05535714285713,-0.6696,L
S1050,WIPRO,2022-09-21 13:30:00+05:30,-0.0104,-0.0104,0,,0.4293,28.57,0.7391,0,4.7878,,0,1,1,0,1,0,1,2022-09-21 13:30:00+05:30,2022-09-21 13:35:00+05:30,2022-09-21 14:30:00+05:30,192.05,191.38035714285715,193.25535714285715,-0.6696,L
S1051,WIPRO,2022-09-21 13:50:00+05:30,0.0378,0.0,3,3.0,0.4846,50.0,-0.2593,0,7.1013,1.0,3,0,0,0,0,3,4,2022-09-21 14:05:00+05:30,2022-09-21 14:10:00+05:30,2022-09-21 14:35:00+05:30,191.9,191.20357142857142,193.15357142857147,-0.6964,L
S1052,WIPRO,2022-09-22 09:15:00+05:30,,,0,,5.0159,47.22,-0.8075,0,1.3239,0.0,8,0,0,0,0,8,9,2022-09-22 09:55:00+05:30,2022-09-22 10:00:00+05:30,2022-09-22 10:20:00+05:30,191.05,189.75535714285715,193.38035714285715,-1.2946,L
S1053,WIPRO,2022-09-22 10:05:00+05:30,-0.1246,-0.2412,0,,0.7126,33.33,-0.469,0,0.5301,0.0,6,0,0,0,0,6,7,2022-09-22 10:35:00+05:30,2022-09-22 10:40:00+05:30,2022-09-22 15:00:00+05:30,190.4,188.41785714285714,193.96785714285713,-0.15,EOD-
S1054,WIPRO,2022-09-22 11:50:00+05:30,-0.0512,0.0197,0,,0.952,12.5,-0.7059,0,0.7187,0.0,9,0,0,0,0,9,10,2022-09-22 12:35:00+05:30,2022-09-22 12:40:00+05:30,2022-09-22 15:00:00+05:30,190.4,189.50714285714287,192.00714285714287,-0.15,EOD-
S1055,WIPRO,2022-09-22 12:45:00+05:30,-0.0526,-0.0394,1,1.0,0.291,55.56,0.6216,0,1.2717,,0,1,1,0,1,0,1,2022-09-22 12:45:00+05:30,2022-09-22 12:50:00+05:30,2022-09-22 15:00:00+05:30,190.5,189.70535714285717,191.93035714285713,-0.25,EOD-
S1056,WIPRO,2022-09-22 14:10:00+05:30,0.1232,0.1351,16,8.0,0.121,87.5,-1.0,0,0.9322,1.0,1,0,0,0,0,1,2,2022-09-22 14:15:00+05:30,2022-09-22 14:20:00+05:30,2022-09-22 14:55:00+05:30,190.9,190.1767857142857,192.20178571428573,-0.7232,L
S1057,WIPRO,2022-09-23 09:15:00+05:30,,,0,,4.1118,64.1,-0.7855,0,1.8134,0.0,8,1,0,0,0,8,9,2022-09-23 09:55:00+05:30,2022-09-23 10:00:00+05:30,2022-09-23 14:30:00+05:30,189.85,188.7160714285714,191.89107142857142,-1.1339,L
S1058,WIPRO,2022-09-23 10:40:00+05:30,0.0132,0.004,7,3.0,0.2887,87.5,-0.3939,0,0.6032,0.0,1,1,1,0,0,1,2,2022-09-23 10:45:00+05:30,2022-09-23 10:50:00+05:30,2022-09-23 14:30:00+05:30,190.1,188.67142857142858,192.67142857142855,-1.4286,L
S1059,WIPRO,2022-09-23 11:05:00+05:30,0.0684,0.0,3,3.0,0.1985,28.57,0.5789,0,0.3232,,0,1,0,0,1,0,1,2022-09-23 11:05:00+05:30,2022-09-23 11:10:00+05:30,2022-09-23 14:00:00+05:30,190.0,188.80357142857144,192.1535714285714,-1.1964,L
S1060,WIPRO,2022-09-23 11:15:00+05:30,0.1381,0.0369,0,,0.5042,25.0,-0.2941,0,0.3493,1.0,1,0,0,0,0,1,2,2022-09-23 11:20:00+05:30,2022-09-23 11:25:00+05:30,2022-09-23 13:35:00+05:30,190.1,189.04642857142858,191.99642857142854,-1.0536,L
S1061,WIPRO,2022-09-23 11:30:00+05:30,0.1367,0.1381,0,,0.5519,66.67,-0.5122,0,0.9478,,0,1,0,0,1,0,1,2022-09-23 11:30:00+05:30,2022-09-23 11:35:00+05:30,2022-09-23 12:30:00+05:30,190.4,189.4714285714286,192.07142857142856,-0.9286,L
S1062,WIPRO,2022-09-26 09:45:00+05:30,-0.6075,,0,,3.8767,37.5,-0.942,0,0.6975,0.0,9,0,1,1,0,9,10,2022-09-26 10:30:00+05:30,2022-09-26 10:35:00+05:30,2022-09-26 13:55:00+05:30,186.0,183.77678571428572,190.0017857142857,4.0018,W
S1063,WIPRO,2022-09-26 11:40:00+05:30,0.3305,0.2584,13,2.0,0.2958,87.5,-0.7183,0,0.4678,0.0,1,1,0,1,0,1,2,2022-09-26 11:45:00+05:30,2022-09-26 11:50:00+05:30,2022-09-26 12:40:00+05:30,186.4,184.9,189.1,2.7,W
S1064,WIPRO,2022-09-27 09:15:00+05:30,,,0,,1.3328,52.94,-0.0504,0,2.8954,,0,1,0,1,1,0,1,2022-09-27 09:15:00+05:30,2022-09-27 09:20:00+05:30,2022-09-27 11:05:00+05:30,190.5,188.91964285714286,193.34464285714287,-1.5804,L
S1065,WIPRO,2022-09-27 09:45:00+05:30,0.0908,,5,5.0,0.1241,46.15,2.5897,0,1.0526,,0,0,1,0,1,0,1,2022-09-27 09:45:00+05:30,2022-09-27 09:50:00+05:30,2022-09-27 11:15:00+05:30,190.25,188.28571428571428,193.7857142857143,-1.9643,L
S1066,WIPRO,2022-09-27 09:55:00+05:30,-0.0013,0.1382,0,,0.4633,15.38,-0.2701,0,0.5449,,0,0,1,0,1,0,1,2022-09-27 09:55:00+05:30,2022-09-27 10:00:00+05:30,2022-09-27 11:15:00+05:30,189.95,188.1017857142857,193.27678571428572,-1.8482,L
S1067,WIPRO,2022-09-27 10:05:00+05:30,-0.0606,0.0382,0,,0.616,14.29,-0.3182,0,0.329,0.0,1,0,1,1,0,1,2,2022-09-27 10:10:00+05:30,2022-09-27 10:15:00+05:30,2022-09-27 11:15:00+05:30,190.0,188.21428571428572,193.21428571428572,-1.7857,L
S1068,WIPRO,2022-09-27 10:55:00+05:30,0.0539,0.1026,0,,1.5217,85.71,-0.9429,0,2.104,1.0,9,1,0,0,0,9,10,2022-09-27 11:40:00+05:30,2022-09-27 11:45:00+05:30,2022-09-27 15:00:00+05:30,189.25,187.81250000000003,191.83749999999998,0.95,EOD+
S1069,WIPRO,2022-09-27 13:25:00+05:30,0.2142,0.2631,20,1.0,0.7141,29.41,1.3762,0,8.2339,,0,1,0,0,1,0,1,2022-09-27 13:25:00+05:30,2022-09-27 13:30:00+05:30,2022-09-27 14:30:00+05:30,190.6,189.7160714285714,192.19107142857143,-0.8839,L
S1070,WIPRO,2022-09-27 13:50:00+05:30,0.1352,0.1891,4,3.0,0.5547,0.0,0.4286,0,0.5466,,0,1,0,0,1,0,1,2022-09-27 13:50:00+05:30,2022-09-27 13:55:00+05:30,2022-09-27 14:30:00+05:30,190.6,189.6535714285714,192.30357142857142,-0.9464,L
S1071,WIPRO,2022-09-27 14:00:00+05:30,0.0905,0.147,0,,0.0275,0.0,14.0,0,0.331,,0,0,0,0,1,0,1,2022-09-27 14:00:00+05:30,2022-09-27 14:05:00+05:30,2022-09-27 14:30:00+05:30,190.7,189.7892857142857,192.3392857142857,-0.9107,L
S1072,WIPRO,2022-09-28 09:15:00+05:30,,,0,,2.2955,20.69,-0.7624,0,1.2687,0.0,2,1,0,0,0,2,3,2022-09-28 09:25:00+05:30,2022-09-28 09:30:00+05:30,2022-09-28 15:00:00+05:30,190.4,189.025,192.87499999999997,-0.25,EOD-
S1073,WIPRO,2022-09-28 09:50:00+05:30,0.0184,,3,2.0,0.1556,25.0,0.9048,0,0.5464,,0,0,0,1,1,0,1,2022-09-28 09:50:00+05:30,2022-09-28 09:55:00+05:30,2022-09-28 15:00:00+05:30,190.3,188.6125,193.33749999999998,-0.15,EOD-
S1074,WIPRO,2022-09-28 10:00:00+05:30,0.046,0.0092,0,,0.3403,72.73,-0.3182,0,0.5441,,0,1,0,0,1,0,1,2022-09-28 10:00:00+05:30,2022-09-28 10:05:00+05:30,2022-09-28 15:00:00+05:30,190.6,188.98392857142858,193.50892857142856,-0.45,EOD-
S1075,WIPRO,2022-09-28 10:25:00+05:30,0.1234,0.0959,4,1.0,0.1934,0.0,0.9048,0,0.4569,,0,1,0,0,1,0,1,2022-09-28 10:25:00+05:30,2022-09-28 10:30:00+05:30,2022-09-28 15:00:00+05:30,190.55,189.19285714285718,192.99285714285713,-0.4,EOD-
S1076,WIPRO,2022-09-28 10:35:00+05:30,0.0905,0.1234,1,1.0,0.1213,25.0,3.5455,0,0.3845,,0,0,0,0,1,0,1,2022-09-28 10:35:00+05:30,2022-09-28 10:40:00+05:30,2022-09-28 15:00:00+05:30,190.75,189.61607142857144,192.7910714285714,-0.6,EOD-
S1077,WIPRO,2022-09-28 11:00:00+05:30,0.0669,0.0512,3,1.0,0.8464,56.25,0.0526,0,4.4114,,0,0,0,0,1,0,1,2022-09-28 11:00:00+05:30,2022-09-28 11:05:00+05:30,2022-09-28 15:00:00+05:30,190.65,189.66785714285714,192.41785714285714,-0.5,EOD-
S1078,WIPRO,2022-09-28 11:10:00+05:30,0.0747,0.0564,0,,0.434,25.0,-0.0323,0,0.4347,0.0,4,0,0,1,0,4,5,2022-09-28 11:30:00+05:30,2022-09-28 11:35:00+05:30,2022-09-28 15:00:00+05:30,190.75,189.85714285714286,192.35714285714286,-0.6,EOD-
S1079,WIPRO,2022-09-28 11:40:00+05:30,0.0367,0.017,0,,0.7247,0.0,-0.0909,0,2.1373,1.0,1,1,0,0,0,1,2,2022-09-28 11:45:00+05:30,2022-09-28 11:50:00+05:30,2022-09-28 14:25:00+05:30,190.9,190.14107142857145,192.26607142857142,-0.7589,L
S1080,WIPRO,2022-09-28 12:15:00+05:30,0.021,0.017,5,4.0,0.4321,66.67,-0.6,0,0.5838,0.0,3,0,0,0,0,3,4,2022-09-28 12:30:00+05:30,2022-09-28 12:35:00+05:30,2022-09-28 12:55:00+05:30,191.05,190.32678571428573,192.35178571428574,-0.7232,L
S1081,WIPRO,2022-09-28 12:45:00+05:30,-0.0039,0.0039,0,,0.4148,33.33,-1.0,0,0.7074,1.0,9,0,1,0,0,9,10,2022-09-28 13:30:00+05:30,2022-09-28 13:35:00+05:30,2022-09-28 14:25:00+05:30,190.85,190.1267857142857,192.15178571428575,-0.7232,L
S1082,WIPRO,2022-09-28 13:40:00+05:30,-0.0393,-0.0183,0,,1.1667,50.0,-0.68,0,1.3114,1.0,5,0,0,0,0,5,6,2022-09-28 14:05:00+05:30,2022-09-28 14:10:00+05:30,2022-09-28 14:55:00+05:30,190.7,190.03035714285713,191.90535714285713,-0.6696,L
S1083,WIPRO,2022-09-29 10:15:00+05:30,0.08,0.0695,12,12.0,0.1964,66.67,0.0256,0,0.5471,,0,0,0,1,1,0,1,2022-09-29 10:15:00+05:30,2022-09-29 10:20:00+05:30,2022-09-29 11:45:00+05:30,190.7,189.45892857142854,192.93392857142857,-1.2411,L
S1084,WIPRO,2022-09-29 11:40:00+05:30,-0.1604,-0.1405,0,,1.8439,66.67,-1.0,0,0.8441,1.0,9,0,1,1,0,9,10,2022-09-29 12:25:00+05:30,2022-09-29 12:30:00+05:30,2022-09-29 12:40:00+05:30,189.85,189.11785714285713,191.16785714285714,-0.7321,L
S1085,WIPRO,2022-09-30 09:45:00+05:30,-0.2245,,0,,1.9365,0.0,-0.9633,0,0.546,0.0,9,0,0,1,0,9,10,2022-09-30 10:30:00+05:30,2022-09-30 10:35:00+05:30,2022-09-30 14:20:00+05:30,186.4,184.64107142857142,189.56607142857146,3.1661,W
S1086,WIPRO,2022-09-30 10:40:00+05:30,-0.157,-0.2091,0,,0.0513,16.67,4.4545,0,0.3779,,0,1,1,1,1,0,1,2022-09-30 10:40:00+05:30,2022-09-30 10:45:00+05:30,2022-09-30 14:20:00+05:30,186.55,185.2107142857143,188.96071428571432,2.4107,W
S1087,WIPRO,2022-09-30 11:05:00+05:30,-0.0309,-0.1262,4,3.0,0.1633,50.0,2.5714,0,0.8333,,0,1,0,0,1,0,1,2022-09-30 11:05:00+05:30,2022-09-30 11:10:00+05:30,2022-09-30 14:10:00+05:30,186.45,185.3785714285714,188.37857142857143,1.9286,W
S1088,WIPRO,2022-09-30 12:40:00+05:30,0.144,0.1575,18,1.0,0.1126,78.57,3.2857,0,1.6969,,0,0,0,1,1,0,1,2022-09-30 12:40:00+05:30,2022-09-30 12:45:00+05:30,2022-09-30 13:10:00+05:30,187.5,186.72321428571428,188.89821428571432,-0.7768,L
S1089,WIPRO,2022-09-30 12:55:00+05:30,0.1026,0.144,0,,1.4,57.14,-0.8936,0,1.0165,0.0,9,1,0,0,0,9,10,2022-09-30 13:40:00+05:30,2022-09-30 13:45:00+05:30,2022-09-30 14:20:00+05:30,187.55,186.7107142857143,189.0607142857143,1.5107,W
S1090,WIPRO,2022-10-03 09:15:00+05:30,,,0,,3.0663,27.5,-0.1877,0,1.5684,,0,0,0,0,1,0,1,2022-10-03 09:15:00+05:30,2022-10-03 09:20:00+05:30,2022-10-03 15:00:00+05:30,188.75,187.29464285714286,191.36964285714285,-0.05,EOD-
S1091,WIPRO,2022-10-03 09:35:00+05:30,,,0,,1.1843,64.29,-0.7444,0,0.6657,1.0,9,0,0,0,0,9,10,2022-10-03 10:20:00+05:30,2022-10-03 10:25:00+05:30,2022-10-03 15:00:00+05:30,188.3,186.6482142857143,191.2732142857143,0.4,EOD+
S1092,WIPRO,2022-10-03 10:30:00+05:30,-0.0438,-0.1209,0,,0.7,0.0,-0.562,0,1.0264,1.0,7,1,0,0,0,7,8,2022-10-03 11:05:00+05:30,2022-10-03 11:10:00+05:30,2022-10-03 15:00:00+05:30,188.1,186.8767857142857,190.30178571428573,0.6,EOD+
S1093,WIPRO,2022-10-04 10:50:00+05:30,0.525,0.5566,19,9.0,0.1964,0.0,1.5641,0,0.5219,,0,0,0,0,1,0,1,2022-10-04 10:50:00+05:30,2022-10-04 10:55:00+05:30,2022-10-04 15:00:00+05:30,192.55,191.30892857142857,194.78392857142862,1.15,EOD+
S1094,WIPRO,2022-10-04 11:00:00+05:30,0.3585,0.5294,0,,0.6537,16.67,-0.469,0,0.3962,0.0,1,1,0,1,0,1,2,2022-10-04 11:05:00+05:30,2022-10-04 11:10:00+05:30,2022-10-04 15:00:00+05:30,192.45,191.36964285714282,194.39464285714286,1.25,EOD+
S1095,WIPRO,2022-10-04 11:15:00+05:30,0.1064,0.3585,0,,0.0071,50.0,-1.0,0,0.3751,,0,0,0,0,1,0,1,2022-10-04 11:15:00+05:30,2022-10-04 11:20:00+05:30,2022-10-04 15:00:00+05:30,192.7,191.825,194.275,1.0,EOD+
S1096,WIPRO,2022-10-04 11:25:00+05:30,0.1051,0.1818,0,,0.8545,0.0,-0.5745,0,0.7774,1.0,4,1,0,1,0,4,5,2022-10-04 11:45:00+05:30,2022-10-04 11:50:00+05:30,2022-10-04 13:45:00+05:30,192.75,192.0625,193.9875,1.2375,W
S1097,WIPRO,2022-10-04 12:10:00+05:30,0.0195,-0.0208,4,3.0,0.2779,0.0,2.7037,0,0.8156,,0,0,0,0,1,0,1,2022-10-04 12:10:00+05:30,2022-10-04 12:15:00+05:30,2022-10-04 13:45:00+05:30,192.8,192.19285714285715,193.89285714285714,1.0929,W
S1098,WIPRO,2022-10-04 12:20:00+05:30,0.0091,0.0117,1,1.0,0.2844,0.0,1.3077,0,0.6268,,0,0,0,0,1,0,1,2022-10-04 12:20:00+05:30,2022-10-04 12:25:00+05:30,2022-10-04 13:45:00+05:30,192.75,192.17857142857144,193.7785714285714,1.0286,W
S1099,WIPRO,2022-10-04 12:30:00+05:30,0.013,0.0078,0,,0.3778,0.0,0.1765,0,0.5961,,0,1,0,0,1,0,1,2022-10-04 12:30:00+05:30,2022-10-04 12:35:00+05:30,2022-10-04 13:30:00+05:30,192.7,192.1375,193.71249999999998,1.0125,W
S1100,WIPRO,2022-10-04 14:20:00+05:30,0.1292,0.1383,20,6.0,0.1434,42.86,0.1765,0,0.5678,,0,1,0,1,1,0,1,2022-10-04 14:20:00+05:30,2022-10-04 14:25:00+05:30,2022-10-04 15:00:00+05:30,193.45,192.70892857142854,194.78392857142856,0.25,EOD+
S1101,WIPRO,2022-10-06 10:45:00+05:30,0.319,0.3668,18,4.0,0.3961,22.22,0.0959,0,0.5603,,0,1,1,0,1,0,1,2022-10-06 10:45:00+05:30,2022-10-06 10:50:00+05:30,2022-10-06 15:00:00+05:30,196.1,194.94821428571427,198.1732142857143,-0.2,EOD-
S1102,WIPRO,2022-10-06 11:25:00+05:30,0.0357,0.1605,0,,2.5303,40.0,-0.7279,0,1.9912,1.0,9,0,0,0,0,9,10,2022-10-06 12:10:00+05:30,2022-10-06 12:15:00+05:30,2022-10-06 14:30:00+05:30,196.45,195.36071428571427,198.41071428571428,-1.0893,L
S1103,WIPRO,2022-10-06 13:10:00+05:30,0.0701,0.037,11,7.0,0.28,75.0,-1.0,0,0.6934,1.0,2,0,0,0,0,2,3,2022-10-06 13:20:00+05:30,2022-10-06 13:25:00+05:30,2022-10-06 14:30:00+05:30,196.15,195.3017857142857,197.67678571428573,-0.8482,L
S1104,WIPRO,2022-10-06 13:30:00+05:30,0.0968,0.0816,0,,0.1842,66.67,-1.0,0,0.4663,,0,0,0,1,1,0,1,2022-10-06 13:30:00+05:30,2022-10-06 13:35:00+05:30,2022-10-06 14:10:00+05:30,196.25,195.57142857142856,197.4714285714286,-0.6786,L
S1105,WIPRO,2022-10-07 09:15:00+05:30,,,0,,2.1583,38.89,0.0319,0,2.4386,,0,0,0,0,1,0,1,2022-10-07 09:15:00+05:30,2022-10-07 09:20:00+05:30,2022-10-07 09:25:00+05:30,196.55,195.3714285714286,198.67142857142858,-1.1786,L
S1106,WIPRO,2022-10-07 09:25:00+05:30,,,0,,0.8167,0.0,-0.3407,0,0.5062,0.0,5,1,0,1,0,5,6,2022-10-07 09:50:00+05:30,2022-10-07 09:55:00+05:30,2022-10-07 10:55:00+05:30,195.7,194.30714285714285,198.20714285714286,-1.3929,L
S1107,WIPRO,2022-10-07 11:30:00+05:30,-0.0948,-0.1345,0,,2.1769,25.0,-0.9293,0,0.6028,1.0,9,1,1,1,0,9,10,2022-10-07 12:15:00+05:30,2022-10-07 12:20:00+05:30,2022-10-07 15:00:00+05:30,194.95,194.1375,196.4125,0.3,EOD+
S1108,WIPRO,2022-10-07 13:00:00+05:30,0.0449,0.0757,9,4.0,0.24,80.0,-0.1667,0,0.4482,0.0,1,0,0,1,0,1,2,2022-10-07 13:05:00+05:30,2022-10-07 13:10:00+05:30,2022-10-07 15:00:00+05:30,195.0,194.375,196.125,0.25,EOD+
S1109,WIPRO,2022-10-07 13:15:00+05:30,0.041,0.0449,1,1.0,0.1697,25.0,2.75,0,0.6492,,0,0,0,0,1,0,1,2022-10-07 13:15:00+05:30,2022-10-07 13:20:00+05:30,2022-10-07 15:00:00+05:30,195.05,194.4607142857143,196.11071428571432,0.2,EOD+
S1110,WIPRO,2022-10-07 13:35:00+05:30,0.0513,0.0539,3,1.0,0.5279,16.67,0.3043,0,0.6359,,0,0,0,0,1,0,1,2022-10-07 13:35:00+05:30,2022-10-07 13:40:00+05:30,2022-10-07 15:00:00+05:30,195.0,194.45535714285714,195.98035714285717,0.25,EOD+
S1111,WIPRO,2022-10-07 13:45:00+05:30,0.0462,0.0564,0,,0.9258,80.0,-1.0,0,0.8626,1.0,1,0,0,1,0,1,2,2022-10-07 13:50:00+05:30,2022-10-07 13:55:00+05:30,2022-10-07 15:00:00+05:30,195.15,194.59642857142856,196.1464285714286,0.1,EOD+
S1112,WIPRO,2022-10-07 14:00:00+05:30,0.0449,0.0462,1,1.0,0.2297,0.0,2.8095,0,0.884,,0,0,0,0,1,0,1,2022-10-07 14:00:00+05:30,2022-10-07 14:05:00+05:30,2022-10-07 15:00:00+05:30,195.2,194.6285714285714,196.22857142857143,0.05,EOD+
S1113,WIPRO,2022-10-07 14:10:00+05:30,0.0308,0.0487,0,,0.07,75.0,2.3333,0,0.9484,,0,1,0,1,1,0,1,2022-10-07 14:10:00+05:30,2022-10-07 14:15:00+05:30,2022-10-07 15:00:00+05:30,195.25,194.71428571428572,196.21428571428572,0.0,EOD-
S1114,WIPRO,2022-10-10 10:00:00+05:30,-0.2994,-0.3968,0,,0.8862,28.57,-0.9222,0,0.3555,0.0,9,1,0,0,0,9,10,2022-10-10 10:45:00+05:30,2022-10-10 10:50:00+05:30,2022-10-10 14:35:00+05:30,192.75,190.9375,196.0125,3.2625,W
S1115,WIPRO,2022-10-10 11:00:00+05:30,-0.1168,-0.3023,2,2.0,0.1021,33.33,1.8571,0,0.2912,,0,1,0,1,1,0,1,2022-10-10 11:00:00+05:30,2022-10-10 11:05:00+05:30,2022-10-10 12:00:00+05:30,192.75,191.89285714285714,194.29285714285714,1.5429,W
S1116,WIPRO,2022-10-10 11:10:00+05:30,0.0428,-0.2089,1,1.0,0.222,33.33,-0.2308,0,0.5271,0.0,2,0,0,1,0,2,3,2022-10-10 11:20:00+05:30,2022-10-10 11:25:00+05:30,2022-10-10 12:00:00+05:30,192.85,192.11785714285713,194.16785714285714,1.3179,W
S1117,WIPRO,2022-10-10 11:30:00+05:30,0.0622,0.1076,0,,0.38,50.0,0.0526,0,1.5562,,0,1,0,1,1,0,1,2022-10-10 11:30:00+05:30,2022-10-10 11:35:00+05:30,2022-10-10 11:55:00+05:30,193.0,192.375,194.12500000000003,1.125,W
S1118,WIPRO,2022-10-10 13:10:00+05:30,0.2071,0.2151,19,13.0,0.8517,66.67,-0.726,0,1.0707,1.0,6,0,0,0,0,6,7,2022-10-10 13:40:00+05:30,2022-10-10 13:45:00+05:30,2022-10-10 14:40:00+05:30,194.45,193.37857142857143,196.3785714285714,1.9286,W
S1119,WIPRO,2022-10-10 13:50:00+05:30,-0.0425,0.0322,0,,0.3528,66.67,-1.0,0,0.9914,1.0,1,0,1,0,0,1,2,2022-10-10 13:55:00+05:30,2022-10-10 14:00:00+05:30,2022-10-10 14:40:00+05:30,194.45,193.3517857142857,196.4267857142857,1.9768,W
S1120,WIPRO,2022-10-10 14:05:00+05:30,-0.054,-0.0425,0,,0.5145,0.0,-0.0698,0,0.8571,0.0,1,1,1,1,0,1,2,2022-10-10 14:10:00+05:30,2022-10-10 14:15:00+05:30,2022-10-10 14:40:00+05:30,194.4,193.35535714285714,196.28035714285716,1.8804,W
S1121,WIPRO,2022-10-11 10:30:00+05:30,-0.0203,0.0773,0,,3.3217,23.08,-0.7382,0,0.6392,0.0,9,1,0,1,0,9,10,2022-10-11 11:15:00+05:30,2022-10-11 11:20:00+05:30,2022-10-11 12:30:00+05:30,196.45,195.0125,199.0375,-1.4375,L
S1122,WIPRO,2022-10-11 12:55:00+05:30,-0.0534,-0.0229,0,,2.1649,66.67,-0.9143,0,3.3435,1.0,9,0,0,0,0,9,10,2022-10-11 13:40:00+05:30,2022-10-11 13:45:00+05:30,2022-10-11 14:05:00+05:30,196.55,195.20178571428573,198.9767857142857,-1.3482,L
S1123,WIPRO,2022-10-11 13:55:00+05:30,-0.175,-0.2706,2,2.0,0.1045,28.57,1.0,0,0.6673,,0,0,0,1,1,0,1,2022-10-11 13:55:00+05:30,2022-10-11 14:00:00+05:30,2022-10-11 14:50:00+05:30,195.65,194.45357142857145,197.80357142857142,-1.1964,L
S1124,WIPRO,2022-10-11 14:05:00+05:30,-0.1201,-0.212,0,,0.9789,12.5,-0.4624,0,0.6232,0.0,1,0,0,0,0,1,2,2022-10-11 14:10:00+05:30,2022-10-11 14:15:00+05:30,2022-10-11 14:50:00+05:30,195.85,194.6625,197.98749999999998,-1.1875,L
S1125,WIPRO,2022-10-12 09:15:00+05:30,,,0,,1.9071,37.84,-1.0,0,0.8798,0.0,2,1,0,1,0,2,3,2022-10-12 09:25:00+05:30,2022-10-12 09:30:00+05:30,2022-10-12 10:35:00+05:30,194.9,193.15,198.05,-1.75,L
S1126,WIPRO,2022-10-12 10:50:00+05:30,-0.0515,-0.0412,0,,3.0407,12.5,-0.9513,0,0.5216,1.0,9,1,1,1,0,9,10,2022-10-12 11:35:00+05:30,2022-10-12 11:40:00+05:30,2022-10-12 15:00:00+05:30,193.4,191.7125,196.4375,1.95,EOD+
S1127,WIPRO,2022-10-12 12:40:00+05:30,0.2233,0.177,12,3.0,0.1479,41.67,1.0,0,0.6102,,0,0,0,0,1,0,1,2022-10-12 12:40:00+05:30,2022-10-12 12:45:00+05:30,2022-10-12 15:00:00+05:30,193.75,192.48214285714286,196.03214285714287,1.6,EOD+
S1128,WIPRO,2022-10-12 12:50:00+05:30,0.1909,0.2324,0,,0.4075,75.0,-1.0,0,0.7196,,0,0,1,0,1,0,1,2022-10-12 12:50:00+05:30,2022-10-12 12:55:00+05:30,2022-10-12 15:00:00+05:30,194.3,192.9964285714286,196.64642857142857,1.05,EOD+
S1129,WIPRO,2022-10-12 13:10:00+05:30,0.1095,0.1689,0,,0.671,16.67,-0.5683,0,0.7306,1.0,9,0,0,1,0,9,10,2022-10-12 13:55:00+05:30,2022-10-12 14:00:00+05:30,2022-10-12 15:00:00+05:30,193.95,192.65535714285713,196.28035714285713,1.4,EOD+
S1130,WIPRO,2022-10-12 14:05:00+05:30,-0.0542,-0.0542,1,1.0,0.9113,33.33,0.1594,0,2.0766,,0,1,0,0,1,0,1,2022-10-12 14:05:00+05:30,2022-10-12 14:10:00+05:30,2022-10-12 15:00:00+05:30,194.05,193.10357142857146,195.75357142857143,1.3,EOD+
S1131,WIPRO,2022-10-13 12:55:00+05:30,-0.2157,-0.1701,0,,2.4309,55.56,-0.8953,0,1.3599,1.0,9,0,1,0,0,9,10,2022-10-13 13:40:00+05:30,2022-10-13 13:45:00+05:30,2022-10-13 15:00:00+05:30,181.8,180.81785714285715,183.56785714285715,-0.2,EOD-
S1132,WIPRO,2022-10-13 14:15:00+05:30,-0.0289,-0.0606,6,6.0,0.5632,25.0,0.4286,0,1.0606,,0,1,0,0,1,0,1,2022-10-13 14:15:00+05:30,2022-10-13 14:20:00+05:30,2022-10-13 15:00:00+05:30,181.5,180.72321428571428,182.8982142857143,0.1,EOD+
S1133,WIPRO,2022-10-14 10:35:00+05:30,0.2799,0.2926,16,16.0,0.3733,85.71,-0.6875,0,0.4755,0.0,6,0,1,0,0,6,7,2022-10-14 11:05:00+05:30,2022-10-14 11:10:00+05:30,2022-10-14 13:05:00+05:30,183.6,182.5285714285714,185.52857142857144,-1.0714,L
S1134,WIPRO,2022-10-14 11:15:00+05:30,0.0395,0.1731,0,,0.6292,40.0,-0.25,0,0.3293,,0,0,0,1,1,0,1,2022-10-14 11:15:00+05:30,2022-10-14 11:20:00+05:30,2022-10-14 12:55:00+05:30,183.4,182.60535714285714,184.83035714285717,-0.7946,L
S1135,WIPRO,2022-10-14 11:25:00+05:30,0.0041,0.0777,0,,1.0659,62.5,-0.8507,0,1.0299,1.0,3,1,1,0,0,3,4,2022-10-14 11:40:00+05:30,2022-10-14 11:45:00+05:30,2022-10-14 12:55:00+05:30,183.5,182.71428571428572,184.9142857142857,-0.7857,L
S1136,WIPRO,2022-10-14 11:50:00+05:30,-0.0573,-0.0177,0,,0.0944,20.0,2.3333,0,0.9347,,0,1,0,0,1,0,1,2022-10-14 11:50:00+05:30,2022-10-14 11:55:00+05:30,2022-10-14 12:55:00+05:30,183.45,182.65535714285713,184.88035714285712,-0.7946,L
S1137,WIPRO,2022-10-17 10:05:00+05:30,-0.2144,-0.2656,0,,1.4125,75.0,-0.882,0,0.4635,1.0,9,0,0,0,0,9,10,2022-10-17 10:50:00+05:30,2022-10-17 10:55:00+05:30,2022-10-17 15:00:00+05:30,179.2,177.7,181.9,1.05,EOD+
S1138,WIPRO,2022-10-17 11:05:00+05:30,-0.0866,-0.2096,2,2.0,0.0144,72.22,9.0,0,1.8365,,0,1,0,0,1,0,1,2022-10-17 11:05:00+05:30,2022-10-17 11:10:00+05:30,2022-10-17 15:00:00+05:30,179.6,178.73392857142855,181.1589285714286,0.65,EOD+
S1139,WIPRO,2022-10-17 11:35:00+05:30,0.1395,0.088,5,4.0,0.0133,50.0,49.0,0,0.5768,,0,1,0,1,1,0,1,2022-10-17 11:35:00+05:30,2022-10-17 11:40:00+05:30,2022-10-17 15:00:00+05:30,179.7,178.7625,181.3875,0.55,EOD+
S1140,WIPRO,2022-10-17 13:15:00+05:30,0.1054,0.1165,19,8.0,0.2951,50.0,-0.0698,0,0.5211,0.0,1,0,0,1,0,1,2,2022-10-17 13:20:00+05:30,2022-10-17 13:25:00+05:30,2022-10-17 13:55:00+05:30,180.5,179.5892857142857,182.13928571428573,-0.9107,L
S1141,WIPRO,2022-10-18 10:50:00+05:30,0.3034,0.3067,0,,2.6333,60.0,-0.8987,0,1.43,1.0,9,1,0,1,0,9,10,2022-10-18 11:35:00+05:30,2022-10-18 11:40:00+05:30,2022-10-18 15:00:00+05:30,181.75,180.8125,183.4375,-0.65,EOD-
S1142,WIPRO,2022-10-18 12:30:00+05:30,0.088,0.0371,9,8.0,0.0544,50.0,4.7143,0,0.4284,,0,0,0,0,1,0,1,2022-10-18 12:30:00+05:30,2022-10-18 12:35:00+05:30,2022-10-18 14:30:00+05:30,182.0,181.19642857142856,183.4464285714286,-0.8036,L
S1143,WIPRO,2022-10-18 12:40:00+05:30,0.0948,0.0728,1,1.0,0.0795,66.67,1.0,0,0.3364,,0,0,0,1,1,0,1,2022-10-18 12:40:00+05:30,2022-10-18 12:45:00+05:30,2022-10-18 14:30:00+05:30,182.0,181.2142857142857,183.41428571428574,-0.7857,L
S1144,WIPRO,2022-10-18 12:50:00+05:30,0.0742,0.0989,0,,0.2818,33.33,-0.3548,0,0.3738,,0,0,0,1,1,0,1,2022-10-18 12:50:00+05:30,2022-10-18 12:55:00+05:30,2022-10-18 14:30:00+05:30,182.05,181.3625,183.28750000000002,-0.6875,L
S1145,WIPRO,2022-10-18 13:00:00+05:30,0.0632,0.0893,0,,0.9743,28.57,-0.6117,0,0.8357,0.0,5,0,1,0,0,5,6,2022-10-18 13:25:00+05:30,2022-10-18 13:30:00+05:30,2022-10-18 14:25:00+05:30,182.2,181.53928571428568,183.3892857142857,-0.6607,L
S1146,WIPRO,2022-10-18 13:35:00+05:30,-0.0206,0.0316,0,,0.7475,100.0,-1.0,0,0.7543,,0,0,0,0,1,0,1,2022-10-18 13:35:00+05:30,2022-10-18 13:40:00+05:30,2022-10-18 14:25:00+05:30,182.0,181.4732142857143,182.94821428571427,-0.5268,L
S1147,WIPRO,2022-10-19 09:15:00+05:30,,,0,,1.9467,65.71,-0.3701,0,0.2472,0.0,8,1,1,1,0,8,9,2022-10-19 09:55:00+05:30,2022-10-19 10:00:00+05:30,2022-10-19 15:00:00+05:30,181.25,180.02678571428572,183.4517857142857,-0.8,EOD-
S1148,WIPRO,2022-10-19 10:35:00+05:30,0.0152,0.0593,7,5.0,0.2417,37.5,1.7586,0,1.4364,,0,1,0,0,1,0,1,2022-10-19 10:35:00+05:30,2022-10-19 10:40:00+05:30,2022-10-19 13:00:00+05:30,181.5,180.75,182.85,-0.75,L
S1149,WIPRO,2022-10-19 11:00:00+05:30,0.0496,0.0207,4,3.0,0.2303,0.0,0.6,0,0.6649,,0,1,0,0,1,0,1,2022-10-19 11:00:00+05:30,2022-10-19 11:05:00+05:30,2022-10-19 13:00:00+05:30,181.35,180.67142857142858,182.57142857142856,-0.6786,L
S1150,WIPRO,2022-10-19 11:30:00+05:30,0.0992,0.0675,4,2.0,0.0269,16.67,5.6667,0,0.6243,,0,1,0,0,1,0,1,2022-10-19 11:30:00+05:30,2022-10-19 11:35:00+05:30,2022-10-19 12:55:00+05:30,181.5,180.80357142857142,182.75357142857143,-0.6964,L
S1151,WIPRO,2022-10-20 09:15:00+05:30,,,0,,3.0658,33.33,-0.422,0,1.0044,0.0,4,1,0,1,0,4,5,2022-10-20 09:35:00+05:30,2022-10-20 09:40:00+05:30,2022-10-20 09:45:00+05:30,180.65,179.94464285714287,181.91964285714286,1.2696,W
S1152,WIPRO,2022-10-20 11:50:00+05:30,0.0481,0.0989,26,7.0,0.3083,0.0,1.1622,0,0.4687,,0,0,0,1,1,0,1,2022-10-20 11:50:00+05:30,2022-10-20 11:55:00+05:30,2022-10-20 15:00:00+05:30,182.0,181.25,183.35,-0.1,EOD-
S1153,WIPRO,2022-10-20 12:00:00+05:30,0.0467,0.0453,1,1.0,0.2476,0.0,1.069,0,0.565,,0,0,0,0,1,0,1,2022-10-20 12:00:00+05:30,2022-10-20 12:05:00+05:30,2022-10-20 15:00:00+05:30,182.1,181.36785714285713,183.41785714285714,-0.2,EOD-
S1154,WIPRO,2022-10-20 12:10:00+05:30,0.059,0.0508,0,,0.0988,44.44,0.6667,0,3.4144,,0,1,0,0,1,0,1,2022-10-20 12:10:00+05:30,2022-10-20 12:15:00+05:30,2022-10-20 15:00:00+05:30,182.3,181.54107142857146,183.66607142857143,-0.4,EOD-
S1155,WIPRO,2022-10-21 09:15:00+05:30,,,0,,0.9771,16.0,1.9851,0,2.0373,,0,0,1,0,1,0,1,2022-10-21 09:15:00+05:30,2022-10-21 09:20:00+05:30,2022-10-21 09:50:00+05:30,183.05,182.19285714285718,184.59285714285713,-0.8571,L
S1156,WIPRO,2022-10-21 09:40:00+05:30,0.0946,,4,4.0,0.0202,20.0,19.0,0,0.5512,,0,0,0,0,1,0,1,2022-10-21 09:40:00+05:30,2022-10-21 09:45:00+05:30,2022-10-21 15:00:00+05:30,182.5,181.57142857142858,184.17142857142858,0.0,EOD-
S1157,WIPRO,2022-10-21 09:50:00+05:30,0.085,,0,,0.6873,50.0,-0.4444,0,0.5776,0.0,1,1,0,0,0,1,2,2022-10-21 09:55:00+05:30,2022-10-21 10:00:00+05:30,2022-10-21 15:00:00+05:30,182.65,181.66785714285714,184.41785714285714,-0.15,EOD-
S1158,WIPRO,2022-10-21 10:20:00+05:30,0.0876,0.0877,4,4.0,0.4017,100.0,-1.0,0,0.4031,0.0,4,0,0,1,0,4,5,2022-10-21 10:40:00+05:30,2022-10-21 10:45:00+05:30,2022-10-21 15:00:00+05:30,182.6,181.57321428571427,184.44821428571427,-0.1,EOD-
S1159,WIPRO,2022-10-21 10:50:00+05:30,0.011,0.0205,0,,0.6232,50.0,-0.726,0,0.6604,1.0,5,1,0,1,0,5,6,2022-10-21 11:15:00+05:30,2022-10-21 11:20:00+05:30,2022-10-21 15:00:00+05:30,182.5,181.76785714285714,183.81785714285712,0.0,EOD-
S1160,WIPRO,2022-10-21 11:25:00+05:30,-0.0068,-0.0452,0,,0.1029,0.0,9.0,0,1.5374,,0,0,0,0,1,0,1,2022-10-21 11:25:00+05:30,2022-10-21 11:30:00+05:30,2022-10-21 13:35:00+05:30,182.75,182.14285714285714,183.84285714285713,-0.6071,L
S1161,WIPRO,2022-10-21 11:35:00+05:30,0.0274,-0.0274,1,1.0,0.175,20.0,1.3529,0,0.7548,,0,0,0,1,1,0,1,2022-10-21 11:35:00+05:30,2022-10-21 11:40:00+05:30,2022-10-21 15:00:00+05:30,182.65,182.04285714285714,183.74285714285713,-0.15,EOD-
S1162,WIPRO,2022-10-21 11:45:00+05:30,0.0055,0.0137,0,,0.4768,83.33,-1.0,0,0.5194,0.0,3,1,1,1,0,3,4,2022-10-21 12:00:00+05:30,2022-10-21 12:05:00+05:30,2022-10-21 15:00:00+05:30,182.6,181.98392857142858,183.70892857142854,-0.1,EOD-
S1163,WIPRO,2022-10-21 12:20:00+05:30,0.026,-0.011,2,2.0,0.3397,50.0,0.2121,0,0.7067,,0,1,0,0,1,0,1,2022-10-21 12:20:00+05:30,2022-10-21 12:25:00+05:30,2022-10-21 15:00:00+05:30,182.55,181.94285714285715,183.64285714285714,-0.05,EOD-
S1164,WIPRO,2022-10-21 12:30:00+05:30,0.0192,0.0219,0,,0.3809,40.0,0.6216,0,0.9041,,0,0,0,0,1,0,1,2022-10-21 12:30:00+05:30,2022-10-21 12:35:00+05:30,2022-10-21 15:00:00+05:30,182.6,181.99285714285713,183.69285714285712,-0.1,EOD-
S1165,WIPRO,2022-10-21 13:20:00+05:30,-0.0027,0.0151,9,5.0,1.1511,100.0,-1.0,0,1.3757,1.0,7,0,0,1,0,7,8,2022-10-21 13:55:00+05:30,2022-10-21 14:00:00+05:30,2022-10-21 15:00:00+05:30,182.6,182.19821428571427,183.32321428571427,-0.1,EOD-
S1166,WIPRO,2022-10-21 14:05:00+05:30,-0.0205,-0.0164,0,,0.4118,0.0,-0.5,0,2.087,1.0,2,0,1,0,0,2,3,2022-10-21 14:15:00+05:30,2022-10-21 14:20:00+05:30,2022-10-21 15:00:00+05:30,182.8,182.19285714285715,183.89285714285714,-0.3,EOD-
S1167,WIPRO,2022-10-21 14:25:00+05:30,-0.0055,-0.0123,0,,0.5205,40.0,-0.3103,0,1.0531,0.0,1,1,0,1,0,1,2,2022-10-21 14:30:00+05:30,2022-10-21 14:35:00+05:30,2022-10-21 15:00:00+05:30,182.6,181.90357142857144,183.8535714285714,-0.1,EOD-
S1168,WIPRO,2022-10-25 10:25:00+05:30,0.1701,0.1948,14,14.0,0.5988,25.0,-0.1549,0,0.3186,0.0,1,0,0,0,0,1,2,2022-10-25 10:30:00+05:30,2022-10-25 10:35:00+05:30,2022-10-25 15:00:00+05:30,183.8,183.0589285714286,185.13392857142856,0.1,EOD+
S1169,WIPRO,2022-10-25 10:50:00+05:30,0.0952,0.1415,0,,1.7076,0.0,-0.8758,0,0.6846,1.0,9,0,0,1,0,9,10,2022-10-25 11:35:00+05:30,2022-10-25 11:40:00+05:30,2022-10-25 15:00:00+05:30,183.75,183.16071428571428,184.81071428571428,0.15,EOD+
S1170,WIPRO,2022-10-25 11:45:00+05:30,-0.0436,-0.0463,0,,0.7255,33.33,0.4035,0,2.3571,,0,1,0,0,1,0,1,2022-10-25 11:45:00+05:30,2022-10-25 11:50:00+05:30,2022-10-25 15:00:00+05:30,183.7,183.20892857142857,184.58392857142854,0.2,EOD+
S1171,WIPRO,2022-10-25 12:35:00+05:30,0.0789,0.0639,9,8.0,0.0333,0.0,19.0,0,1.0215,,0,0,0,0,1,0,1,2022-10-25 12:35:00+05:30,2022-10-25 12:40:00+05:30,2022-10-25 15:00:00+05:30,184.0,183.4375,185.0125,-0.1,EOD-
S1172,WIPRO,2022-10-25 12:45:00+05:30,0.0761,0.0734,0,,0.2536,28.57,1.4,0,1.1732,,0,1,0,1,1,0,1,2022-10-25 12:45:00+05:30,2022-10-25 12:50:00+05:30,2022-10-25 15:00:00+05:30,184.1,183.48392857142858,185.20892857142857,-0.2,EOD-
S1173,WIPRO,2022-10-25 13:00:00+05:30,0.0774,0.0761,2,2.0,0.0,50.0,,1,0.6614,,0,0,0,0,1,0,1,2022-10-25 13:00:00+05:30,2022-10-25 13:05:00+05:30,2022-10-25 15:00:00+05:30,184.1,183.5107142857143,185.16071428571428,-0.2,EOD-
S1174,WIPRO,2022-10-25 13:10:00+05:30,0.0734,0.0788,0,,0.4875,0.0,0.5385,0,1.2531,,0,0,0,0,1,0,1,2022-10-25 13:10:00+05:30,2022-10-25 13:15:00+05:30,2022-10-25 15:00:00+05:30,184.1,183.6,184.99999999999997,-0.2,EOD-
S1175,WIPRO,2022-10-25 13:20:00+05:30,0.0611,0.0774,0,,0.4345,50.0,0.1111,0,0.6733,,0,0,0,0,1,0,1,2022-10-25 13:20:00+05:30,2022-10-25 13:25:00+05:30,2022-10-25 15:00:00+05:30,184.2,183.68214285714285,185.13214285714284,-0.3,EOD-
S1176,WIPRO,2022-10-25 13:30:00+05:30,0.0516,0.0638,0,,0.5393,75.0,-0.5745,0,0.4772,,0,0,0,1,1,0,1,2022-10-25 13:30:00+05:30,2022-10-25 13:35:00+05:30,2022-10-25 15:00:00+05:30,184.2,183.65535714285716,185.1803571428571,-0.3,EOD-
S1177,WIPRO,2022-10-25 13:40:00+05:30,0.0244,0.0557,0,,0.4968,0.0,-0.0909,0,0.7587,0.0,1,0,0,1,0,1,2,2022-10-25 13:45:00+05:30,2022-10-25 13:50:00+05:30,2022-10-25 15:00:00+05:30,184.2,183.64642857142857,185.19642857142853,-0.3,EOD-
S1178,WIPRO,2022-10-25 13:55:00+05:30,-0.0014,0.0244,0,,0.6075,25.0,-0.1304,0,0.8731,1.0,2,0,0,1,0,2,3,2022-10-25 14:05:00+05:30,2022-10-25 14:10:00+05:30,2022-10-25 15:00:00+05:30,184.15,183.67678571428576,185.0017857142857,-0.25,EOD-
S1179,WIPRO,2022-10-27 12:50:00+05:30,-0.1473,-0.1294,0,,2.6444,0.0,-0.916,0,1.5537,1.0,9,0,0,0,0,9,10,2022-10-27 13:35:00+05:30,2022-10-27 13:40:00+05:30,2022-10-27 14:25:00+05:30,183.0,182.4375,184.0125,-0.5625,L
S1180,WIPRO,2022-10-27 13:50:00+05:30,-0.0451,-0.0943,2,1.0,0.1833,33.33,2.6364,0,0.8858,,0,1,0,1,1,0,1,2022-10-27 13:50:00+05:30,2022-10-27 13:55:00+05:30,2022-10-27 14:25:00+05:30,182.95,182.575,183.625,-0.375,L
S1181,WIPRO,2022-10-28 09:15:00+05:30,,,0,,0.1,41.67,6.1429,0,1.9089,,0,0,0,0,1,0,1,2022-10-28 09:15:00+05:30,2022-10-28 09:20:00+05:30,2022-10-28 15:00:00+05:30,183.2,182.325,184.775,-0.25,EOD-
S1182,WIPRO,2022-10-28 10:40:00+05:30,0.1578,0.2179,16,11.0,0.4447,60.0,-0.6296,0,0.4614,1.0,2,0,0,0,0,2,3,2022-10-28 10:50:00+05:30,2022-10-28 10:55:00+05:30,2022-10-28 14:05:00+05:30,183.7,182.94107142857143,185.0660714285714,-0.7589,L
S1183,WIPRO,2022-10-28 11:00:00+05:30,0.0857,0.1265,0,,0.8085,40.0,-0.2683,0,1.3666,1.0,1,0,0,0,0,1,2,2022-10-28 11:05:00+05:30,2022-10-28 11:10:00+05:30,2022-10-28 12:45:00+05:30,184.0,183.36607142857144,185.14107142857142,-0.6339,L
S1184,WIPRO,2022-10-28 11:15:00+05:30,0.0557,0.0857,1,1.0,0.1723,66.67,0.25,0,0.6793,,0,1,0,1,1,0,1,2022-10-28 11:15:00+05:30,2022-10-28 11:20:00+05:30,2022-10-28 12:45:00+05:30,184.0,183.41964285714286,185.04464285714286,-0.5804,L
S1185,WIPRO,2022-10-28 11:25:00+05:30,0.0136,0.0666,1,1.0,0.1217,71.43,0.6667,0,0.8836,,0,1,0,0,1,0,1,2022-10-28 11:25:00+05:30,2022-10-28 11:30:00+05:30,2022-10-28 12:45:00+05:30,183.9,183.28392857142856,185.00892857142858,-0.6161,L
S1186,WIPRO,2022-10-28 11:45:00+05:30,0.0095,0.0082,2,2.0,0.0115,0.0,39.0,0,0.7287,,0,0,0,1,1,0,1,2022-10-28 11:45:00+05:30,2022-10-28 11:50:00+05:30,2022-10-28 12:45:00+05:30,183.95,183.40535714285713,184.93035714285713,-0.5446,L
S1187,WIPRO,2022-10-28 11:55:00+05:30,0.0068,0.0041,0,,0.0375,100.0,-1.0,0,0.8412,,0,0,0,0,1,0,1,2022-10-28 11:55:00+05:30,2022-10-28 12:00:00+05:30,2022-10-28 12:30:00+05:30,184.0,183.5,184.9,-0.5,L
S1188,WIPRO,2022-10-28 12:05:00+05:30,-0.0027,0.015,0,,0.98,0.0,-0.4805,0,1.2567,1.0,3,0,0,0,0,3,4,2022-10-28 12:20:00+05:30,2022-10-28 12:25:00+05:30,2022-10-28 12:45:00+05:30,183.8,183.30892857142857,184.6839285714286,-0.4911,L
S1189,WIPRO,2022-10-28 13:40:00+05:30,-0.1199,-0.1117,0,,2.1764,75.0,-0.883,0,0.769,0.0,9,1,0,1,0,9,10,2022-10-28 14:25:00+05:30,2022-10-28 14:30:00+05:30,2022-10-28 15:00:00+05:30,183.2,182.70892857142857,184.08392857142854,-0.25,EOD-
S1190,WIPRO,2022-10-31 10:35:00+05:30,0.2033,0.2198,16,14.0,0.6045,33.33,-0.4737,0,1.8172,1.0,6,1,1,0,0,6,7,2022-10-31 11:05:00+05:30,2022-10-31 11:10:00+05:30,2022-10-31 15:00:00+05:30,184.65,183.86428571428573,186.06428571428572,-0.15,EOD-
S1191,WIPRO,2022-10-31 11:15:00+05:30,-0.0664,0.042,0,,0.0921,40.0,3.0,0,0.739,,0,0,0,0,1,0,1,2022-10-31 11:15:00+05:30,2022-10-31 11:20:00+05:30,2022-10-31 15:00:00+05:30,184.6,183.92142857142858,185.82142857142856,-0.1,EOD-
S1192,WIPRO,2022-10-31 11:25:00+05:30,-0.0285,-0.0379,0,,0.26,0.0,1.3077,0,0.5117,,0,0,0,1,1,0,1,2022-10-31 11:25:00+05:30,2022-10-31 11:30:00+05:30,2022-10-31 15:00:00+05:30,184.5,183.875,185.625,0.0,EOD-
S1193,WIPRO,2022-10-31 11:35:00+05:30,0.0014,-0.0542,0,,0.5537,60.0,-0.2453,0,0.5951,,0,0,0,0,1,0,1,2022-10-31 11:35:00+05:30,2022-10-31 11:40:00+05:30,2022-10-31 15:00:00+05:30,184.65,184.05178571428573,185.7267857142857,-0.15,EOD-
S1194,WIPRO,2022-10-31 11:45:00+05:30,0.0122,-0.0135,1,1.0,0.1694,33.33,0.3333,0,0.5699,,0,0,0,0,1,0,1,2022-10-31 11:45:00+05:30,2022-10-31 11:50:00+05:30,2022-10-31 15:00:00+05:30,184.6,184.04642857142858,185.59642857142856,-0.1,EOD-
S1195,WIPRO,2022-10-31 12:05:00+05:30,-0.0054,0.0095,2,2.0,0.1,20.0,3.4444,0,0.5872,,0,0,0,1,1,0,1,2022-10-31 12:05:00+05:30,2022-10-31 12:10:00+05:30,2022-10-31 15:00:00+05:30,184.65,184.0875,185.6625,-0.15,EOD-
S1196,WIPRO,2022-10-31 12:15:00+05:30,0.0,-0.0041,1,1.0,0.1569,100.0,-1.0,0,0.7446,1.0,2,0,0,0,0,2,3,2022-10-31 12:25:00+05:30,2022-10-31 12:30:00+05:30,2022-10-31 15:00:00+05:30,184.6,184.08214285714286,185.53214285714284,-0.1,EOD-
S1197,WIPRO,2022-10-31 12:35:00+05:30,0.0257,0.0054,0,,1.625,100.0,-1.0,0,0.7741,0.0,9,0,0,1,0,9,10,2022-10-31 13:20:00+05:30,2022-10-31 13:25:00+05:30,2022-10-31 15:00:00+05:30,184.5,184.0,185.4,0.0,EOD-
S1198,WIPRO,2022-10-31 13:30:00+05:30,-0.0176,-0.023,0,,0.9291,50.0,-0.4521,0,1.6349,,0,0,0,0,1,0,1,2022-10-31 13:30:00+05:30,2022-10-31 13:35:00+05:30,2022-10-31 15:00:00+05:30,184.55,184.0589285714286,185.43392857142857,-0.05,EOD-
S1199,WIPRO,2022-10-31 13:40:00+05:30,-0.0258,-0.023,0,,0.7237,60.0,-0.6721,0,0.837,,0,0,0,1,1,0,1,2022-10-31 13:40:00+05:30,2022-10-31 13:45:00+05:30,2022-10-31 15:00:00+05:30,184.45,183.92321428571427,185.39821428571426,0.05,EOD+
S1200,WIPRO,2022-10-31 13:50:00+05:30,-0.0312,-0.0271,0,,0.1351,0.0,-1.0,0,1.0151,0.0,1,1,0,0,0,1,2,2022-10-31 13:55:00+05:30,2022-10-31 14:00:00+05:30,2022-10-31 15:00:00+05:30,184.45,183.9410714285714,185.36607142857142,0.05,EOD+
S1201,WIPRO,2022-10-31 14:05:00+05:30,-0.0163,-0.0312,0,,0.105,50.0,3.4444,0,1.1201,,0,0,0,0,1,0,1,2022-10-31 14:05:00+05:30,2022-10-31 14:10:00+05:30,2022-10-31 15:00:00+05:30,184.6,184.06428571428572,185.5642857142857,-0.1,EOD-
S1202,WIPRO,2022-10-31 14:15:00+05:30,0.0014,-0.019,0,,0.5871,25.0,0.1538,0,0.789,,0,1,0,1,1,0,1,2022-10-31 14:15:00+05:30,2022-10-31 14:20:00+05:30,2022-10-31 15:00:00+05:30,184.4,183.8464285714286,185.39642857142854,0.1,EOD+
S1203,WIPRO,2022-10-31 14:30:00+05:30,0.023,0.0014,1,1.0,0.0724,0.0,2.3333,0,0.5407,,0,0,0,1,1,0,1,2022-10-31 14:30:00+05:30,2022-10-31 14:35:00+05:30,2022-10-31 15:00:00+05:30,184.5,183.98214285714286,185.43214285714285,0.0,EOD-
S1204,WIPRO,2022-11-01 10:55:00+05:30,0.0863,0.1093,20,7.0,0.0288,75.0,5.6667,0,0.5114,,0,0,0,1,1,0,1,2022-11-01 10:55:00+05:30,2022-11-01 11:00:00+05:30,2022-11-01 11:50:00+05:30,185.5,184.8482142857143,186.67321428571427,1.1732,W
S1205,WIPRO,2022-11-01 13:05:00+05:30,0.1566,0.1863,25,3.0,0.6212,0.0,0.4085,0,1.068,,0,1,1,0,1,0,1,2022-11-01 13:05:00+05:30,2022-11-01 13:10:00+05:30,2022-11-01 15:00:00+05:30,186.9,186.18571428571428,188.18571428571428,0.25,EOD+
S1206,WIPRO,2022-11-01 13:15:00+05:30,0.1245,0.1674,1,1.0,0.1972,25.0,-1.0,0,0.6345,0.0,1,1,0,0,0,1,2,2022-11-01 13:20:00+05:30,2022-11-01 13:25:00+05:30,2022-11-01 15:00:00+05:30,186.9,186.26607142857145,188.0410714285714,0.25,EOD+
S1207,WIPRO,2022-11-01 14:00:00+05:30,0.0535,0.0655,7,1.0,0.42,33.33,0.4286,0,0.7549,,0,0,0,0,1,0,1,2022-11-01 14:00:00+05:30,2022-11-01 14:05:00+05:30,2022-11-01 15:00:00+05:30,187.15,186.525,188.27499999999998,0.0,EOD-
S1208,WIPRO,2022-11-02 09:15:00+05:30,,,0,,1.9305,17.86,0.145,0,1.6953,,0,0,0,0,1,0,1,2022-11-02 09:15:00+05:30,2022-11-02 09:20:00+05:30,2022-11-02 15:00:00+05:30,187.45,186.6017857142857,188.97678571428568,0.85,EOD+
S1209,WIPRO,2022-11-02 09:25:00+05:30,,,0,,1.1017,75.0,-0.8895,0,0.4598,0.0,4,0,0,0,0,4,5,2022-11-02 09:45:00+05:30,2022-11-02 09:50:00+05:30,2022-11-02 15:00:00+05:30,187.35,186.32321428571427,189.19821428571427,0.95,EOD+
S1210,WIPRO,2022-11-02 09:55:00+05:30,0.0,-0.0067,0,,0.4244,0.0,-0.2208,0,0.8693,1.0,1,1,0,1,0,1,2,2022-11-02 10:00:00+05:30,2022-11-02 10:05:00+05:30,2022-11-02 15:00:00+05:30,188.1,186.96607142857144,190.14107142857142,0.2,EOD+
S1211,WIPRO,2022-11-02 11:40:00+05:30,0.1142,0.166,0,,1.7231,71.43,-0.875,0,1.6922,1.0,9,0,0,1,0,9,10,2022-11-02 12:25:00+05:30,2022-11-02 12:30:00+05:30,2022-11-02 15:00:00+05:30,188.2,187.61964285714285,189.24464285714285,0.1,EOD+
S1212,WIPRO,2022-11-02 12:35:00+05:30,-0.0425,-0.0465,0,,0.3457,33.33,-0.5,0,0.664,1.0,4,0,0,0,0,4,5,2022-11-02 12:55:00+05:30,2022-11-02 13:00:00+05:30,2022-11-02 15:00:00+05:30,188.0,187.27678571428572,189.3017857142857,0.3,EOD+
S1213,WIPRO,2022-11-02 13:35:00+05:30,0.0465,-0.016,6,4.0,0.2593,16.67,1.0,0,0.5742,,0,0,0,1,1,0,1,2022-11-02 13:35:00+05:30,2022-11-02 13:40:00+05:30,2022-11-02 15:00:00+05:30,188.15,187.66785714285714,189.01785714285717,0.15,EOD+
S1214,WIPRO,2022-11-02 13:45:00+05:30,0.0465,0.0306,0,,0.8167,77.78,-0.4286,0,1.4882,,0,0,0,0,1,0,1,2022-11-02 13:45:00+05:30,2022-11-02 13:50:00+05:30,2022-11-02 14:15:00+05:30,188.35,187.81428571428572,189.3142857142857,-0.5357,L
S1215,WIPRO,2022-11-02 13:55:00+05:30,0.0412,0.0439,1,1.0,0.0452,50.0,-1.0,0,0.9522,1.0,2,0,0,1,0,2,3,2022-11-02 14:05:00+05:30,2022-11-02 14:10:00+05:30,2022-11-02 15:00:00+05:30,188.1,187.54642857142855,189.09642857142856,0.2,EOD+
S1216,WIPRO,2022-11-02 14:15:00+05:30,0.0066,0.0372,0,,1.2353,0.0,-0.6667,0,0.9793,0.0,3,0,0,0,0,3,4,2022-11-02 14:30:00+05:30,2022-11-02 14:35:00+05:30,2022-11-02 15:00:00+05:30,188.1,187.49285714285713,189.19285714285715,0.2,EOD+
S1217,WIPRO,2022-11-03 09:35:00+05:30,,,0,,3.7736,0.0,-0.8934,0,0.4376,0.0,9,0,0,1,0,9,10,2022-11-03 10:20:00+05:30,2022-11-03 10:25:00+05:30,2022-11-03 15:00:00+05:30,186.7,185.14642857142857,189.49642857142857,-1.2,EOD-
S1218,WIPRO,2022-11-03 10:30:00+05:30,-0.2306,-0.2116,0,,0.1232,50.0,2.6364,0,0.7426,,0,1,0,0,1,0,1,2022-11-03 10:30:00+05:30,2022-11-03 10:35:00+05:30,2022-11-03 13:50:00+05:30,186.8,185.68392857142857,188.8089285714286,-1.1161,L
S1219,WIPRO,2022-11-03 11:25:00+05:30,0.2686,0.265,10,5.0,0.0805,57.14,2.0769,0,0.6637,,0,0,0,0,1,0,1,2022-11-03 11:25:00+05:30,2022-11-03 11:30:00+05:30,2022-11-03 13:30:00+05:30,187.1,186.0910714285714,188.91607142857143,-1.0089,L
S1220,WIPRO,2022-11-04 10:05:00+05:30,-0.1052,-0.0741,0,,0.9158,25.0,-1.0,0,0.4442,1.0,9,0,0,0,0,9,10,2022-11-04 10:50:00+05:30,2022-11-04 10:55:00+05:30,2022-11-04 15:00:00+05:30,184.95,183.7625,187.08749999999998,0.75,EOD+
S1221,WIPRO,2022-11-04 11:00:00+05:30,-0.0852,-0.1176,0,,1.1986,28.57,-0.36,0,0.4379,0.0,2,1,0,1,0,2,3,2022-11-04 11:10:00+05:30,2022-11-04 11:15:00+05:30,2022-11-04 14:10:00+05:30,184.95,184.29821428571427,186.12321428571428,1.1732,W
S1222,WIPRO,2022-11-04 12:45:00+05:30,0.023,0.0432,0,,0.825,50.0,-1.0,0,1.0317,1.0,9,0,0,0,0,9,10,2022-11-04 13:30:00+05:30,2022-11-04 13:35:00+05:30,2022-11-04 14:05:00+05:30,185.05,184.55,185.95000000000002,0.9,W
S1223,WIPRO,2022-11-04 13:40:00+05:30,-0.0014,-0.0162,0,,0.1436,66.67,-1.0,0,0.8081,,0,0,0,1,1,0,1,2022-11-04 13:40:00+05:30,2022-11-04 13:45:00+05:30,2022-11-04 14:05:00+05:30,185.1,184.7517857142857,185.7267857142857,0.6268,W
S1224,WIPRO,2022-11-04 13:50:00+05:30,-0.0081,-0.0041,0,,0.6833,40.0,-0.0244,0,0.8733,,0,0,0,0,1,0,1,2022-11-04 13:50:00+05:30,2022-11-04 13:55:00+05:30,2022-11-04 14:05:00+05:30,185.05,184.675,185.72500000000002,0.675,W
S1225,WIPRO,2022-11-07 09:50:00+05:30,0.2021,,7,6.0,0.06,22.22,4.0,0,0.5584,,0,0,0,0,1,0,1,2022-11-07 09:50:00+05:30,2022-11-07 09:55:00+05:30,2022-11-07 10:45:00+05:30,187.05,185.80000000000004,189.29999999999998,-1.25,L
S1226,WIPRO,2022-11-07 11:35:00+05:30,-0.141,-0.216,0,,1.2849,12.5,-0.5522,0,0.6798,0.0,9,0,0,0,0,9,10,2022-11-07 12:20:00+05:30,2022-11-07 12:25:00+05:30,2022-11-07 13:30:00+05:30,186.0,185.34821428571428,187.1732142857143,-0.6518,L
S1227,WIPRO,2022-11-07 13:15:00+05:30,-0.039,-0.0376,0,,1.1623,33.33,-0.5455,0,2.2968,1.0,9,1,1,0,0,9,10,2022-11-07 14:00:00+05:30,2022-11-07 14:05:00+05:30,2022-11-07 15:00:00+05:30,186.0,185.52678571428572,186.8517857142857,0.8518,W
S1228,WIPRO,2022-11-09 10:00:00+05:30,0.1455,0.2111,9,9.0,0.2944,37.5,0.7778,0,0.7068,,0,0,0,0,1,0,1,2022-11-09 10:00:00+05:30,2022-11-09 10:05:00+05:30,2022-11-09 14:45:00+05:30,187.35,186.39464285714286,189.06964285714287,-0.9554,L
S1229,WIPRO,2022-11-09 10:10:00+05:30,0.1294,0.1656,0,,0.2864,16.67,0.3333,0,0.6364,,0,0,0,0,1,0,1,2022-11-09 10:10:00+05:30,2022-11-09 10:15:00+05:30,2022-11-09 14:40:00+05:30,187.45,186.46785714285713,189.21785714285716,-0.9821,L
S1230,WIPRO,2022-11-09 10:20:00+05:30,0.128,0.1335,0,,1.0733,33.33,-0.4565,0,0.4993,0.0,5,0,0,1,0,5,6,2022-11-09 10:45:00+05:30,2022-11-09 10:50:00+05:30,2022-11-09 14:40:00+05:30,187.5,186.42857142857142,189.42857142857144,-1.0714,L
S1231,WIPRO,2022-11-09 12:15:00+05:30,-0.0508,-0.0534,0,,1.4538,75.0,-0.8519,0,0.7494,1.0,9,1,1,0,0,9,10,2022-11-09 13:00:00+05:30,2022-11-09 13:05:00+05:30,2022-11-09 14:40:00+05:30,187.0,186.41964285714286,188.04464285714286,-0.5804,L
S1232,WIPRO,2022-11-09 13:10:00+05:30,-0.0174,-0.0441,0,,0.1481,33.33,4.4545,0,0.9504,,0,1,0,1,1,0,1,2022-11-09 13:10:00+05:30,2022-11-09 13:15:00+05:30,2022-11-09 14:40:00+05:30,187.05,186.58571428571432,187.88571428571427,-0.4643,L
S1233,WIPRO,2022-11-09 13:20:00+05:30,0.0241,-0.0267,1,1.0,0.3564,20.0,1.8571,0,0.7916,,0,0,0,0,1,0,1,2022-11-09 13:20:00+05:30,2022-11-09 13:25:00+05:30,2022-11-09 14:40:00+05:30,187.15,186.6589285714286,188.03392857142856,-0.4911,L
S1234,WIPRO,2022-11-09 13:30:00+05:30,0.0267,0.0027,0,,0.35,66.67,-0.2857,0,1.072,1.0,3,1,0,1,0,3,4,2022-11-09 13:45:00+05:30,2022-11-09 13:50:00+05:30,2022-11-09 14:20:00+05:30,187.35,186.85,188.25,-0.5,L
S1235,WIPRO,2022-11-09 14:05:00+05:30,0.0588,0.0241,3,3.0,0.6025,0.0,0.4706,0,0.8492,,0,0,1,0,1,0,1,2022-11-09 14:05:00+05:30,2022-11-09 14:10:00+05:30,2022-11-09 14:40:00+05:30,187.2,186.49464285714285,188.46964285714284,-0.7054,L
S1236,WIPRO,2022-11-09 14:15:00+05:30,0.0347,0.0521,0,,0.6557,57.14,-0.7297,0,0.6523,0.0,2,0,0,0,0,2,3,2022-11-09 14:25:00+05:30,2022-11-09 14:30:00+05:30,2022-11-09 14:45:00+05:30,187.1,186.39464285714286,188.36964285714285,-0.7054,L
S1237,WIPRO,2022-11-10 09:40:00+05:30,-0.1313,,0,,1.2414,11.11,-1.0,0,0.3969,0.0,9,0,0,1,0,9,10,2022-11-10 10:25:00+05:30,2022-11-10 10:30:00+05:30,2022-11-10 12:20:00+05:30,186.5,185.35714285714286,188.55714285714285,-1.1429,L
S1238,WIPRO,2022-11-10 10:45:00+05:30,-0.0751,-0.0188,0,,0.65,100.0,-1.0,0,1.0995,1.0,9,0,0,1,0,9,10,2022-11-10 11:30:00+05:30,2022-11-10 11:35:00+05:30,2022-11-10 12:20:00+05:30,186.55,185.8,187.89999999999998,-0.75,L
S1239,WIPRO,2022-11-10 12:00:00+05:30,0.0174,0.0161,5,5.0,0.638,37.5,0.1111,0,1.8652,,0,0,0,0,1,0,1,2022-11-10 12:00:00+05:30,2022-11-10 12:05:00+05:30,2022-11-10 12:20:00+05:30,186.3,185.59464285714284,187.5696428571429,-0.7054,L
S1240,WIPRO,2022-11-10 12:45:00+05:30,-0.0954,-0.0887,0,,2.4769,40.0,-1.0,0,0.1875,0.0,9,0,0,1,0,9,10,2022-11-10 13:30:00+05:30,2022-11-10 13:35:00+05:30,2022-11-10 15:00:00+05:30,185.6,184.90357142857144,186.85357142857143,-0.4,EOD-
S1241,WIPRO,2022-11-11 12:25:00+05:30,-0.0995,-0.1557,0,,1.2174,50.0,-1.0,0,2.214,1.0,9,1,0,0,0,9,10,2022-11-11 13:10:00+05:30,2022-11-11 13:15:00+05:30,2022-11-11 15:00:00+05:30,191.0,190.38392857142858,192.10892857142858,-0.05,EOD-
S1242,WIPRO,2022-11-14 10:15:00+05:30,-0.068,0.0118,0,,1.8428,66.67,-0.9085,0,0.5808,1.0,9,0,0,1,0,9,10,2022-11-14 11:00:00+05:30,2022-11-14 11:05:00+05:30,2022-11-14 13:55:00+05:30,190.7,189.21785714285713,193.3678571428571,-1.4821,L
S1243,WIPRO,2022-11-14 11:10:00+05:30,-0.1456,-0.1206,0,,0.3368,50.0,-0.2157,0,0.3317,0.0,1,1,0,1,0,1,2,2022-11-14 11:15:00+05:30,2022-11-14 11:20:00+05:30,2022-11-14 13:45:00+05:30,190.5,189.55357142857144,192.2035714285714,-0.9464,L
S1244,WIPRO,2022-11-14 11:35:00+05:30,-0.0827,-0.13,3,2.0,0.2279,20.0,1.8571,0,0.4748,,0,0,0,0,1,0,1,2022-11-14 11:35:00+05:30,2022-11-14 11:40:00+05:30,2022-11-14 13:45:00+05:30,190.45,189.68214285714285,191.83214285714283,-0.7679,L
S1245,WIPRO,2022-11-14 11:45:00+05:30,-0.0473,-0.1024,1,1.0,1.1833,90.0,-0.8592,0,0.6618,0.0,5,0,0,0,0,5,6,2022-11-14 12:10:00+05:30,2022-11-14 12:15:00+05:30,2022-11-14 13:45:00+05:30,190.3,189.55,191.65,-0.75,L
S1246,WIPRO,2022-11-14 12:20:00+05:30,0.0263,0.0039,0,,0.7479,50.0,-1.0,0,0.286,0.0,8,0,0,0,0,8,9,2022-11-14 13:00:00+05:30,2022-11-14 13:05:00+05:30,2022-11-14 13:45:00+05:30,190.2,189.54821428571427,191.37321428571428,-0.6518,L
S1247,WIPRO,2022-11-14 13:10:00+05:30,-0.0526,-0.0552,0,,0.44,33.33,-0.0909,0,0.4536,1.0,2,0,0,0,0,2,3,2022-11-14 13:20:00+05:30,2022-11-14 13:25:00+05:30,2022-11-14 13:45:00+05:30,190.3,189.675,191.42500000000004,-0.625,L
S1248,WIPRO,2022-11-15 09:25:00+05:30,,,2,2.0,0.7347,46.67,-0.2126,0,0.5968,0.0,3,0,1,0,0,3,4,2022-11-15 09:40:00+05:30,2022-11-15 09:45:00+05:30,2022-11-15 09:55:00+05:30,189.75,188.66964285714286,191.69464285714287,-1.0804,L
S1249,WIPRO,2022-11-15 09:50:00+05:30,-0.0554,,0,,1.493,72.73,-0.9344,0,0.3969,0.0,7,0,0,1,0,7,8,2022-11-15 10:25:00+05:30,2022-11-15 10:30:00+05:30,2022-11-15 15:00:00+05:30,189.45,188.17321428571427,191.74821428571428,0.0,EOD-
S1250,WIPRO,2022-11-15 10:35:00+05:30,-0.0488,-0.062,0,,0.7441,75.0,-0.7037,0,0.3677,0.0,4,0,1,0,0,4,5,2022-11-15 10:55:00+05:30,2022-11-15 11:00:00+05:30,2022-11-15 15:00:00+05:30,189.4,188.26607142857145,191.4410714285714,0.05,EOD+
S1251,WIPRO,2022-11-15 11:25:00+05:30,-0.0952,-0.0899,0,,2.3989,60.0,-0.8689,0,2.1675,1.0,9,0,0,0,0,9,10,2022-11-15 12:10:00+05:30,2022-11-15 12:15:00+05:30,2022-11-15 15:00:00+05:30,188.85,188.05535714285716,190.28035714285713,0.6,EOD+
S1252,WIPRO,2022-11-15 12:20:00+05:30,-0.0583,-0.0649,0,,0.2365,50.0,0.6,0,1.768,,0,0,0,0,1,0,1,2022-11-15 12:20:00+05:30,2022-11-15 12:25:00+05:30,2022-11-15 15:00:00+05:30,189.05,188.38928571428573,190.23928571428573,0.4,EOD+
S1253,WIPRO,2022-11-15 12:45:00+05:30,-0.045,-0.0437,4,4.0,0.1149,33.33,2.6364,0,0.7724,,0,1,0,0,1,0,1,2022-11-15 12:45:00+05:30,2022-11-15 12:50:00+05:30,2022-11-15 15:00:00+05:30,188.8,188.20178571428573,189.87678571428572,0.65,EOD+
S1254,WIPRO,2022-11-16 10:40:00+05:30,0.1207,0.2048,17,10.0,0.0235,50.0,9.0,0,0.6703,,0,1,1,1,1,0,1,2022-11-16 10:40:00+05:30,2022-11-16 10:45:00+05:30,2022-11-16 13:35:00+05:30,190.85,189.7875,192.7625,-1.0625,L
S1255,WIPRO,2022-11-16 12:00:00+05:30,0.1084,0.102,15,8.0,0.5904,28.57,0.4286,0,1.2928,,0,1,1,0,1,0,1,2022-11-16 12:00:00+05:30,2022-11-16 12:05:00+05:30,2022-11-16 13:05:00+05:30,191.5,190.75892857142858,192.83392857142857,-0.7411,L
S1256,WIPRO,2022-11-16 12:10:00+05:30,0.1045,0.1019,1,1.0,0.7427,0.0,-0.0805,0,0.9206,1.0,1,0,0,0,0,1,2,2022-11-16 12:15:00+05:30,2022-11-16 12:20:00+05:30,2022-11-16 12:35:00+05:30,191.8,191.06785714285715,193.11785714285716,-0.7321,L
S1257,WIPRO,2022-11-17 10:00:00+05:30,-0.0435,-0.1251,0,,0.7174,50.0,-0.8387,0,0.3315,0.0,9,0,0,0,0,9,10,2022-11-17 10:45:00+05:30,2022-11-17 10:50:00+05:30,2022-11-17 15:00:00+05:30,189.35,188.26964285714286,191.29464285714286,0.1,EOD+
S1258,WIPRO,2022-11-17 10:55:00+05:30,-0.1162,-0.1438,0,,0.4388,75.0,-0.5238,0,0.5937,0.0,8,1,0,0,0,8,9,2022-11-17 11:35:00+05:30,2022-11-17 11:40:00+05:30,2022-11-17 15:00:00+05:30,189.25,188.65178571428572,190.3267857142857,0.2,EOD+
S1259,WIPRO,2022-11-17 11:45:00+05:30,-0.0291,-0.0343,0,,0.56,60.0,-0.1667,0,0.872,0.0,1,1,0,1,0,1,2,2022-11-17 11:50:00+05:30,2022-11-17 11:55:00+05:30,2022-11-17 15:00:00+05:30,189.25,188.71428571428572,190.2142857142857,0.2,EOD+
S1260,WIPRO,2022-11-17 13:25:00+05:30,0.062,0.0857,18,14.0,0.0854,25.0,3.0,0,0.7515,,0,1,0,1,1,0,1,2022-11-17 13:25:00+05:30,2022-11-17 13:30:00+05:30,2022-11-17 15:00:00+05:30,189.7,189.33392857142857,190.35892857142852,-0.25,EOD-
S1261,WIPRO,2022-11-17 14:15:00+05:30,0.0448,0.0514,9,6.0,0.1114,20.0,10.4286,0,1.0573,,0,0,0,0,1,0,1,2022-11-17 14:15:00+05:30,2022-11-17 14:20:00+05:30,2022-11-17 14:25:00+05:30,190.05,189.65714285714287,190.75714285714284,-0.3929,L
S1262,WIPRO,2022-11-18 11:20:00+05:30,-0.2466,-0.2781,0,,1.9098,100.0,-1.0,0,1.0064,1.0,9,1,0,1,0,9,10,2022-11-18 12:05:00+05:30,2022-11-18 12:10:00+05:30,2022-11-18 15:00:00+05:30,188.0,187.17857142857144,189.4785714285714,0.4,EOD+
S1263,WIPRO,2022-11-21 10:25:00+05:30,-0.2782,-0.247,0,,2.7604,80.0,-1.0,0,1.2635,1.0,9,1,0,0,0,9,10,2022-11-21 11:10:00+05:30,2022-11-21 11:15:00+05:30,2022-11-21 15:00:00+05:30,186.3,185.35357142857146,188.00357142857143,-0.2,EOD-
S1264,WIPRO,2022-11-21 12:30:00+05:30,0.0964,0.1099,15,9.0,0.2758,14.29,1.3077,0,0.6845,,0,0,0,0,1,0,1,2022-11-21 12:30:00+05:30,2022-11-21 12:35:00+05:30,2022-11-21 13:35:00+05:30,186.7,186.11071428571427,187.7607142857143,-0.5893,L
S1265,WIPRO,2022-11-21 12:40:00+05:30,0.0777,0.0964,0,,0.9778,0.0,-0.5455,0,2.9411,1.0,6,0,0,0,0,6,7,2022-11-21 13:10:00+05:30,2022-11-21 13:15:00+05:30,2022-11-21 13:35:00+05:30,186.8,186.2375,187.81250000000003,-0.5625,L
S1266,WIPRO,2022-11-22 09:25:00+05:30,,,0,,3.0662,60.0,-0.9357,0,0.2755,0.0,9,0,0,1,0,9,10,2022-11-22 10:10:00+05:30,2022-11-22 10:15:00+05:30,2022-11-22 15:00:00+05:30,185.5,184.23214285714286,187.78214285714287,0.05,EOD+
S1267,WIPRO,2022-11-22 10:20:00+05:30,-0.0971,-0.1024,0,,0.0847,33.33,0.3333,0,0.2773,,0,1,0,1,1,0,1,2022-11-22 10:20:00+05:30,2022-11-22 10:25:00+05:30,2022-11-22 15:00:00+05:30,185.4,184.29285714285714,187.39285714285717,0.15,EOD+
S1268,WIPRO,2022-11-22 10:30:00+05:30,-0.1066,-0.0944,0,,0.3256,83.33,-0.5,0,0.2806,1.0,1,0,0,1,0,1,2,2022-11-22 10:35:00+05:30,2022-11-22 10:40:00+05:30,2022-11-22 15:00:00+05:30,185.35,184.58214285714283,186.73214285714286,0.2,EOD+
S1269,WIPRO,2022-11-22 10:45:00+05:30,-0.0742,-0.1066,0,,0.3944,50.0,-0.5,0,0.5351,1.0,7,0,0,1,0,7,8,2022-11-22 11:20:00+05:30,2022-11-22 11:25:00+05:30,2022-11-22 15:00:00+05:30,185.3,184.66607142857143,186.44107142857146,0.25,EOD+
S1270,WIPRO,2022-11-22 11:30:00+05:30,0.0027,0.0405,0,,1.1317,20.0,-0.5876,0,0.6087,1.0,1,0,0,0,0,1,2,2022-11-22 11:35:00+05:30,2022-11-22 11:40:00+05:30,2022-11-22 15:00:00+05:30,185.3,184.7642857142857,186.26428571428576,0.25,EOD+
S1271,WIPRO,2022-11-22 11:45:00+05:30,-0.0189,0.0027,0,,0.4094,100.0,-1.0,0,0.6458,1.0,1,0,0,0,0,1,2,2022-11-22 11:50:00+05:30,2022-11-22 11:55:00+05:30,2022-11-22 14:15:00+05:30,185.3,184.8267857142857,186.15178571428575,-0.4732,L
S1272,WIPRO,2022-11-22 12:00:00+05:30,-0.0121,-0.0189,0,,0.056,66.67,4.0,0,0.817,,0,0,0,1,1,0,1,2022-11-22 12:00:00+05:30,2022-11-22 12:05:00+05:30,2022-11-22 13:50:00+05:30,185.4,184.95357142857142,186.20357142857148,-0.4464,L
S1273,WIPRO,2022-11-22 12:35:00+05:30,0.0256,0.0027,6,5.0,0.0538,25.0,12.3333,0,3.7674,,0,0,0,0,1,0,1,2022-11-22 12:35:00+05:30,2022-11-22 12:40:00+05:30,2022-11-22 13:50:00+05:30,185.4,185.05178571428573,186.02678571428572,-0.3482,L
S1274,WIPRO,2022-11-22 12:45:00+05:30,0.0378,0.0202,0,,0.297,50.0,-1.0,0,1.0599,1.0,1,0,0,0,0,1,2,2022-11-22 12:50:00+05:30,2022-11-22 12:55:00+05:30,2022-11-22 13:50:00+05:30,185.4,185.10535714285714,185.93035714285716,-0.2946,L
S1275,WIPRO,2022-11-22 13:00:00+05:30,0.0202,0.0378,0,,0.7389,33.33,0.0526,0,0.5072,,0,0,0,1,1,0,1,2022-11-22 13:00:00+05:30,2022-11-22 13:05:00+05:30,2022-11-22 13:50:00+05:30,185.4,185.07857142857145,185.97857142857143,-0.3214,L
S1276,WIPRO,2022-11-23 09:55:00+05:30,0.211,0.2395,8,8.0,0.0925,42.86,3.2857,0,0.5261,,0,1,1,0,1,0,1,2022-11-23 09:55:00+05:30,2022-11-23 10:00:00+05:30,2022-11-23 15:00:00+05:30,186.3,185.35357142857143,188.00357142857146,0.2,EOD+
S1277,WIPRO,2022-11-23 10:55:00+05:30,-0.0107,0.0134,0,,0.9333,25.0,-0.5833,0,1.22,1.0,9,1,0,1,0,9,10,2022-11-23 11:40:00+05:30,2022-11-23 11:45:00+05:30,2022-11-23 15:00:00+05:30,186.0,185.35714285714286,187.15714285714284,0.5,EOD+
S1278,WIPRO,2022-11-23 12:05:00+05:30,0.0524,-0.0094,3,2.0,0.4361,70.0,0.0526,0,2.3875,,0,0,0,0,1,0,1,2022-11-23 12:05:00+05:30,2022-11-23 12:10:00+05:30,2022-11-23 14:20:00+05:30,186.45,185.90535714285713,187.43035714285713,-0.5446,L
S1279,WIPRO,2022-11-23 13:15:00+05:30,0.0644,0.0657,13,7.0,0.0,50.0,,1,0.291,,0,0,0,1,1,0,1,2022-11-23 13:15:00+05:30,2022-11-23 13:20:00+05:30,2022-11-23 14:20:00+05:30,186.5,186.08928571428572,187.2392857142857,-0.4107,L
S1280,WIPRO,2022-11-24 09:15:00+05:30,,,0,,0.3671,8.33,2.2558,0,1.9951,,0,0,0,0,1,0,1,2022-11-24 09:15:00+05:30,2022-11-24 09:20:00+05:30,2022-11-24 12:45:00+05:30,186.35,185.61785714285713,187.66785714285712,1.3179,W
S1281,WIPRO,2022-11-24 09:45:00+05:30,0.0416,,5,4.0,0.2736,57.14,0.1765,0,1.1057,,0,0,0,0,1,0,1,2022-11-24 09:45:00+05:30,2022-11-24 09:50:00+05:30,2022-11-24 12:40:00+05:30,186.2,185.42321428571427,187.59821428571428,1.3982,W
S1282,WIPRO,2022-11-24 09:55:00+05:30,0.0201,0.0349,0,,0.1225,50.0,-1.0,0,0.3835,,0,0,0,1,1,0,1,2022-11-24 09:55:00+05:30,2022-11-24 10:00:00+05:30,2022-11-24 12:40:00+05:30,186.2,185.4857142857143,187.48571428571427,1.2857,W
S1283,WIPRO,2022-11-24 10:05:00+05:30,0.0027,0.0322,0,,0.2679,100.0,-1.0,0,0.4939,,0,1,0,1,1,0,1,2022-11-24 10:05:00+05:30,2022-11-24 10:10:00+05:30,2022-11-24 12:40:00+05:30,186.3,185.57678571428573,187.6017857142857,1.3018,W
S1284,WIPRO,2022-11-24 11:00:00+05:30,0.1059,0.1153,10,7.0,0.0459,50.0,9.0,0,0.6278,,0,1,1,0,1,0,1,2022-11-24 11:00:00+05:30,2022-11-24 11:05:00+05:30,2022-11-24 12:40:00+05:30,186.65,186.10535714285714,187.63035714285712,0.9804,W
S1285,WIPRO,2022-11-24 11:40:00+05:30,0.0803,0.0482,7,3.0,0.2333,80.0,0.25,0,0.6387,,0,0,0,0,1,0,1,2022-11-24 11:40:00+05:30,2022-11-24 11:45:00+05:30,2022-11-24 12:40:00+05:30,186.7,186.27142857142857,187.47142857142853,0.7714,W
S1286,WIPRO,2022-11-24 11:50:00+05:30,0.0603,0.0737,0,,0.9891,33.33,-0.6923,0,1.5379,1.0,2,1,0,0,0,2,3,2022-11-24 12:00:00+05:30,2022-11-24 12:05:00+05:30,2022-11-24 12:40:00+05:30,186.9,186.48928571428573,187.6392857142857,0.7393,W
S1287,WIPRO,2022-11-25 09:35:00+05:30,,,4,4.0,0.0175,40.0,9.0,0,0.2379,,0,1,1,1,1,0,1,2022-11-25 09:35:00+05:30,2022-11-25 09:40:00+05:30,2022-11-25 14:25:00+05:30,189.7,188.27142857142857,192.27142857142854,2.5714,W
S1288,WIPRO,2022-11-25 09:45:00+05:30,0.1924,,1,1.0,0.0346,20.0,1.5,0,0.3776,,0,1,1,1,1,0,1,2022-11-25 09:45:00+05:30,2022-11-25 09:50:00+05:30,2022-11-25 14:25:00+05:30,189.95,188.50357142857143,192.55357142857142,2.6036,W
S1289,WIPRO,2022-11-25 10:30:00+05:30,0.0145,0.1434,0,,1.5228,16.67,-0.7581,0,2.7403,1.0,9,0,0,0,0,9,10,2022-11-25 11:15:00+05:30,2022-11-25 11:20:00+05:30,2022-11-25 14:25:00+05:30,190.3,189.28214285714287,192.13214285714287,1.8321,W
S1290,WIPRO,2022-11-25 12:45:00+05:30,0.1482,0.1404,17,12.0,0.595,0.0,0.5686,0,0.5791,,0,1,0,1,1,0,1,2022-11-25 12:45:00+05:30,2022-11-25 12:50:00+05:30,2022-11-25 14:20:00+05:30,190.7,190.1642857142857,191.6642857142857,0.9643,W
S1291,WIPRO,2022-11-25 14:20:00+05:30,0.1046,0.0915,17,3.0,0.175,75.0,2.5294,0,2.3346,,0,1,1,1,1,0,1,2022-11-25 14:20:00+05:30,2022-11-25 14:25:00+05:30,2022-11-25 14:35:00+05:30,191.9,191.29285714285714,192.99285714285713,1.0929,W
S1292,WIPRO,2022-11-28 09:15:00+05:30,,,0,,0.2174,57.89,2.2,0,2.5286,,0,0,0,0,1,0,1,2022-11-28 09:15:00+05:30,2022-11-28 09:20:00+05:30,2022-11-28 15:00:00+05:30,193.65,192.2125,196.23749999999998,1.0,EOD+
S1293,WIPRO,2022-11-28 10:30:00+05:30,0.1229,0.1126,14,7.0,0.2296,50.0,0.4634,0,0.2989,,0,0,0,1,1,0,1,2022-11-28 10:30:00+05:30,2022-11-28 10:35:00+05:30,2022-11-28 11:30:00+05:30,193.35,192.23392857142858,195.35892857142858,2.0089,W
S1294,WIPRO,2022-11-28 10:40:00+05:30,0.1241,0.1242,0,,0.1167,25.0,1.0,0,0.3842,,0,0,0,0,1,0,1,2022-11-28 10:40:00+05:30,2022-11-28 10:45:00+05:30,2022-11-28 11:30:00+05:30,193.55,192.47857142857143,195.47857142857143,1.9286,W
S1295,WIPRO,2022-11-28 10:50:00+05:30,0.1279,0.1306,0,,0.1815,0.0,0.4286,0,0.448,,0,0,0,0,1,0,1,2022-11-28 10:50:00+05:30,2022-11-28 10:55:00+05:30,2022-11-28 11:30:00+05:30,193.55,192.5857142857143,195.2857142857143,1.7357,W
S1296,WIPRO,2022-11-28 11:00:00+05:30,0.0943,0.1189,0,,0.3933,50.0,-0.6,0,0.4153,1.0,1,1,0,1,0,1,2,2022-11-28 11:05:00+05:30,2022-11-28 11:10:00+05:30,2022-11-28 11:20:00+05:30,193.55,192.75535714285715,194.98035714285717,1.4304,W
S1297,WIPRO,2022-11-28 12:50:00+05:30,0.1385,0.1912,0,,1.4333,42.86,-1.0,0,0.4777,0.0,9,1,0,1,0,9,10,2022-11-28 13:35:00+05:30,2022-11-28 13:40:00+05:30,2022-11-28 15:00:00+05:30,194.9,194.3375,195.9125,-0.5625,L
S1298,WIPRO,2022-11-28 13:45:00+05:30,-0.0205,-0.0449,0,,0.0627,66.67,2.3333,0,0.5999,,0,1,0,1,1,0,1,2022-11-28 13:45:00+05:30,2022-11-28 13:50:00+05:30,2022-11-28 15:00:00+05:30,194.9,194.30178571428573,195.9767857142857,-0.5982,L
S1299,WIPRO,2022-11-28 14:05:00+05:30,-0.0167,-0.0141,3,3.0,0.6031,0.0,0.4286,0,1.905,,0,0,0,0,1,0,1,2022-11-28 14:05:00+05:30,2022-11-28 14:10:00+05:30,2022-11-28 15:00:00+05:30,194.8,194.21964285714287,195.84464285714284,-0.5804,L
S1300,WIPRO,2022-11-28 14:15:00+05:30,-0.0128,-0.0077,0,,0.1889,50.0,-1.0,0,1.4665,0.0,3,0,0,0,0,3,4,2022-11-28 14:30:00+05:30,2022-11-28 14:35:00+05:30,2022-11-28 15:00:00+05:30,194.9,194.33750000000003,195.91249999999997,-0.5625,L
S1301,WIPRO,2022-11-29 09:15:00+05:30,,,0,,4.8486,62.5,-0.9735,0,0.9784,0.0,5,0,0,1,0,5,6,2022-11-29 09:40:00+05:30,2022-11-29 09:45:00+05:30,2022-11-29 15:00:00+05:30,194.3,193.3267857142857,196.05178571428576,0.25,EOD+
S1302,WIPRO,2022-11-29 09:50:00+05:30,-0.0888,,0,,0.2545,0.0,0.4286,0,0.5885,,0,0,0,0,1,0,1,2022-11-29 09:50:00+05:30,2022-11-29 09:55:00+05:30,2022-11-29 15:00:00+05:30,194.25,192.875,196.72500000000002,0.3,EOD+
S1303,WIPRO,2022-11-29 10:35:00+05:30,0.0129,-0.0167,7,5.0,0.0551,50.0,4.7143,0,0.407,,0,0,0,0,1,0,1,2022-11-29 10:35:00+05:30,2022-11-29 10:40:00+05:30,2022-11-29 15:00:00+05:30,194.25,193.45535714285714,195.68035714285716,0.3,EOD+
S1304,WIPRO,2022-11-29 10:50:00+05:30,0.0785,0.0129,2,1.0,0.1556,25.0,1.5,0,0.3353,,0,1,0,1,1,0,1,2022-11-29 10:50:00+05:30,2022-11-29 10:55:00+05:30,2022-11-29 15:00:00+05:30,194.25,193.60714285714286,195.40714285714284,0.3,EOD+
S1305,WIPRO,2022-11-29 11:15:00+05:30,0.0283,0.0926,0,,1.3606,0.0,-0.8551,0,1.1527,1.0,9,0,0,0,0,9,10,2022-11-29 12:00:00+05:30,2022-11-29 12:05:00+05:30,2022-11-29 13:30:00+05:30,194.25,193.61607142857144,195.39107142857142,1.1411,W
S1306,WIPRO,2022-11-29 12:10:00+05:30,-0.058,-0.0811,0,,0.2035,40.0,0.6,0,0.8286,,0,1,0,1,1,0,1,2022-11-29 12:10:00+05:30,2022-11-29 12:15:00+05:30,2022-11-29 15:00:00+05:30,194.25,193.48214285714286,195.63214285714287,0.3,EOD+
S1307,WIPRO,2022-11-29 13:55:00+05:30,0.1052,0.1412,20,5.0,1.1491,66.67,-0.5402,0,0.8276,0.0,2,0,0,0,0,2,3,2022-11-29 14:05:00+05:30,2022-11-29 14:10:00+05:30,2022-11-29 14:25:00+05:30,195.0,194.52678571428572,195.8517857142857,-0.4732,L
S1308,WIPRO,2022-11-30 10:05:00+05:30,-0.2288,-0.2414,0,,1.5598,0.0,-0.9293,0,0.4829,1.0,9,1,0,1,0,9,10,2022-11-30 10:50:00+05:30,2022-11-30 10:55:00+05:30,2022-11-30 15:00:00+05:30,192.9,191.76607142857142,194.94107142857143,0.65,EOD+
S1309,WIPRO,2022-11-30 11:00:00+05:30,-0.096,-0.1439,1,1.0,0.1432,66.67,3.4444,0,0.6922,,0,1,0,0,1,0,1,2022-11-30 11:00:00+05:30,2022-11-30 11:05:00+05:30,2022-11-30 14:25:00+05:30,192.85,192.45714285714286,193.55714285714282,0.7071,W
S1310,WIPRO,2022-11-30 11:25:00+05:30,0.0013,-0.0636,3,2.0,0.1346,75.0,1.0,0,0.7834,,0,0,0,1,1,0,1,2022-11-30 11:25:00+05:30,2022-11-30 11:30:00+05:30,2022-11-30 14:25:00+05:30,192.8,192.33571428571432,193.63571428571427,0.8357,W
S1311,WIPRO,2022-11-30 11:35:00+05:30,0.0233,-0.0208,0,,0.4222,57.14,-0.4737,0,0.9465,,0,1,0,0,1,0,1,2022-11-30 11:35:00+05:30,2022-11-30 11:40:00+05:30,2022-11-30 15:00:00+05:30,192.95,192.3875,193.96249999999998,1.0125,W
S1312,WIPRO,2022-11-30 11:50:00+05:30,0.0428,0.0233,2,2.0,0.0284,66.67,12.3333,0,0.8955,,0,0,0,0,1,0,1,2022-11-30 11:50:00+05:30,2022-11-30 11:55:00+05:30,2022-11-30 15:00:00+05:30,192.95,192.2892857142857,194.1392857142857,0.6,EOD+
S1313,WIPRO,2022-11-30 12:00:00+05:30,0.0505,0.0363,0,,0.1653,100.0,-1.0,0,0.5216,,0,0,0,1,1,0,1,2022-11-30 12:00:00+05:30,2022-11-30 12:05:00+05:30,2022-11-30 15:00:00+05:30,193.05,192.40714285714287,194.20714285714288,0.5,EOD+
S1314,WIPRO,2022-11-30 13:25:00+05:30,0.0362,0.044,16,5.0,0.6848,66.67,-1.0,0,2.1722,1.0,1,0,0,1,0,1,2,2022-11-30 13:30:00+05:30,2022-11-30 13:35:00+05:30,2022-11-30 15:00:00+05:30,193.35,192.93928571428572,194.0892857142857,0.2,EOD+
S1315,WIPRO,2022-11-30 13:40:00+05:30,0.0181,0.0362,1,1.0,0.7,66.67,-1.0,0,0.4968,0.0,1,1,0,1,0,1,2,2022-11-30 13:45:00+05:30,2022-11-30 13:50:00+05:30,2022-11-30 15:00:00+05:30,193.35,192.80535714285713,194.33035714285714,0.2,EOD+
S1316,WIPRO,2022-11-30 14:00:00+05:30,0.0362,0.0259,2,1.0,0.29,50.0,1.069,0,0.5942,,0,0,0,1,1,0,1,2022-11-30 14:00:00+05:30,2022-11-30 14:05:00+05:30,2022-11-30 15:00:00+05:30,193.35,192.725,194.47499999999997,0.2,EOD+
S1317,WIPRO,2022-11-30 14:10:00+05:30,0.0336,0.0388,0,,1.2581,50.0,-0.3985,0,1.1817,,0,0,0,0,1,0,1,2022-11-30 14:10:00+05:30,2022-11-30 14:15:00+05:30,2022-11-30 15:00:00+05:30,193.35,192.68928571428572,194.53928571428568,0.2,EOD+
S1318,WIPRO,2022-12-01 10:30:00+05:30,0.4024,0.439,15,14.0,0.056,25.0,1.0,0,0.2048,,0,1,0,0,1,0,1,2022-12-01 10:30:00+05:30,2022-12-01 10:35:00+05:30,2022-12-01 15:00:00+05:30,196.95,195.83392857142857,198.95892857142857,0.75,EOD+
S1319,WIPRO,2022-12-01 10:40:00+05:30,0.3512,0.4192,0,,0.7067,60.0,-0.6226,0,0.3388,1.0,4,1,0,1,0,4,5,2022-12-01 11:00:00+05:30,2022-12-01 11:05:00+05:30,2022-12-01 15:00:00+05:30,197.3,196.3625,198.9875,0.4,EOD+
S1320,WIPRO,2022-12-01 11:45:00+05:30,0.057,0.0139,8,3.0,0.6909,33.33,0.5789,0,1.3627,,0,1,0,0,1,0,1,2022-12-01 11:45:00+05:30,2022-12-01 11:50:00+05:30,2022-12-01 15:00:00+05:30,197.5,196.8125,198.73749999999998,0.2,EOD+
S1321,WIPRO,2022-12-01 12:30:00+05:30,0.0986,0.1075,8,3.0,0.4494,60.0,-0.2308,0,0.583,1.0,2,0,0,0,0,2,3,2022-12-01 12:40:00+05:30,2022-12-01 12:45:00+05:30,2022-12-01 13:25:00+05:30,197.95,197.2267857142857,199.2517857142857,-0.7232,L
S1322,WIPRO,2022-12-01 12:50:00+05:30,0.0531,0.0872,0,,0.3633,66.67,-0.5122,0,0.5553,,0,0,0,1,1,0,1,2022-12-01 12:50:00+05:30,2022-12-01 12:55:00+05:30,2022-12-01 13:25:00+05:30,197.85,197.14464285714286,199.11964285714285,-0.7054,L
S1323,WIPRO,2022-12-01 13:00:00+05:30,0.0152,0.0682,0,,0.7095,66.67,-0.7333,0,1.105,1.0,1,0,0,0,0,1,2,2022-12-01 13:05:00+05:30,2022-12-01 13:10:00+05:30,2022-12-01 15:00:00+05:30,197.75,197.08928571428572,198.93928571428572,-0.05,EOD-
S1324,WIPRO,2022-12-01 13:20:00+05:30,-0.0265,0.0,0,,1.2433,60.0,-0.8319,0,0.9416,1.0,9,1,0,1,0,9,10,2022-12-01 14:05:00+05:30,2022-12-01 14:10:00+05:30,2022-12-01 15:00:00+05:30,197.65,197.05178571428573,198.7267857142857,0.05,EOD+
S1325,WIPRO,2022-12-02 11:20:00+05:30,-0.1553,-0.1653,0,,3.2971,83.33,-1.0,0,0.6712,0.0,9,0,0,1,0,9,10,2022-12-02 12:05:00+05:30,2022-12-02 12:10:00+05:30,2022-12-02 15:00:00+05:30,196.1,195.48392857142858,197.20892857142854,0.8,EOD+
S1326,WIPRO,2022-12-02 12:50:00+05:30,-0.0102,-0.0153,8,8.0,0.8909,50.0,-0.4286,0,0.3803,0.0,1,0,0,1,0,1,2,2022-12-02 12:55:00+05:30,2022-12-02 13:00:00+05:30,2022-12-02 14:10:00+05:30,196.05,195.55892857142857,196.9339285714286,0.8839,W
S1327,WIPRO,2022-12-02 13:05:00+05:30,0.014,-0.0102,0,,0.3333,66.67,-0.3333,0,1.1488,,0,1,1,0,1,0,1,2022-12-02 13:05:00+05:30,2022-12-02 13:10:00+05:30,2022-12-02 15:00:00+05:30,196.2,195.6375,197.21249999999998,0.7,EOD+
S1328,WIPRO,2022-12-02 13:25:00+05:30,0.0638,0.0332,3,3.0,0.1207,50.0,-1.0,0,0.4768,0.0,1,1,0,1,0,1,2,2022-12-02 13:30:00+05:30,2022-12-02 13:35:00+05:30,2022-12-02 14:10:00+05:30,196.15,195.63214285714287,197.08214285714286,0.9321,W
S1329,WIPRO,2022-12-05 10:45:00+05:30,-0.0735,-0.0127,0,,2.9534,50.0,-0.9351,0,0.7112,1.0,9,0,0,1,0,9,10,2022-12-05 11:30:00+05:30,2022-12-05 11:35:00+05:30,2022-12-05 15:00:00+05:30,196.7,196.0482142857143,197.87321428571425,0.2,EOD+
S1330,WIPRO,2022-12-05 11:45:00+05:30,-0.0814,-0.1716,1,1.0,0.1167,40.0,3.4444,0,0.7686,,0,0,0,1,1,0,1,2022-12-05 11:45:00+05:30,2022-12-05 11:50:00+05:30,2022-12-05 12:20:00+05:30,196.65,196.16785714285714,197.51785714285714,0.8679,W
S1331,WIPRO,2022-12-05 11:55:00+05:30,-0.0445,-0.1145,0,,0.475,0.0,0.0526,0,0.704,,0,1,0,1,1,0,1,2022-12-05 11:55:00+05:30,2022-12-05 12:00:00+05:30,2022-12-05 12:20:00+05:30,196.55,196.05,197.45000000000002,0.9,W
S1332,WIPRO,2022-12-05 13:25:00+05:30,0.0963,0.1205,16,11.0,0.2068,100.0,-1.0,0,1.9045,1.0,1,0,0,0,0,1,2,2022-12-05 13:30:00+05:30,2022-12-05 13:35:00+05:30,2022-12-05 13:35:00+05:30,197.4,197.00714285714287,198.10714285714286,-0.3929,L
S1333,WIPRO,2022-12-05 13:40:00+05:30,0.0773,0.0963,0,,2.1429,50.0,-0.8667,0,2.1506,1.0,8,1,1,0,0,8,9,2022-12-05 14:20:00+05:30,2022-12-05 14:25:00+05:30,2022-12-05 14:40:00+05:30,197.3,196.8625,198.0875,-0.4375,L
S1334,WIPRO,2022-12-06 10:00:00+05:30,-0.1808,-0.1717,0,,1.0173,50.0,-0.9083,0,0.1625,0.0,9,1,0,1,0,9,10,2022-12-06 10:45:00+05:30,2022-12-06 10:50:00+05:30,2022-12-06 15:00:00+05:30,195.95,194.61071428571427,198.36071428571427,0.0,EOD-
S1335,WIPRO,2022-12-06 11:00:00+05:30,-0.0549,-0.1468,2,2.0,0.1479,62.5,1.6667,0,0.3263,,0,0,0,1,1,0,1,2022-12-06 11:00:00+05:30,2022-12-06 11:05:00+05:30,2022-12-06 13:15:00+05:30,195.95,195.31607142857143,197.0910714285714,1.1411,W
S1336,WIPRO,2022-12-06 11:10:00+05:30,0.023,-0.1149,0,,1.0356,22.22,-0.6296,0,1.4399,0.0,2,0,0,0,0,2,3,2022-12-06 11:20:00+05:30,2022-12-06 11:25:00+05:30,2022-12-06 15:00:00+05:30,196.05,195.3982142857143,197.22321428571428,-0.1,EOD-
S1337,WIPRO,2022-12-06 11:30:00+05:30,0.0217,0.0459,0,,0.0313,100.0,-1.0,0,0.1784,,0,1,0,1,1,0,1,2022-12-06 11:30:00+05:30,2022-12-06 11:35:00+05:30,2022-12-06 13:20:00+05:30,196.05,195.4517857142857,197.12678571428575,1.0768,W
S1338,WIPRO,2022-12-06 12:25:00+05:30,0.0382,0.0344,9,8.0,0.3659,33.33,-0.1304,0,0.3515,,0,0,0,1,1,0,1,2022-12-06 12:25:00+05:30,2022-12-06 12:30:00+05:30,2022-12-06 13:05:00+05:30,196.1,195.70714285714286,196.80714285714285,0.7071,W
S1339,WIPRO,2022-12-06 12:35:00+05:30,0.0051,0.0408,0,,1.2385,33.33,-1.0,0,0.3775,0.0,2,1,0,1,0,2,3,2022-12-06 12:45:00+05:30,2022-12-06 12:50:00+05:30,2022-12-06 13:00:00+05:30,196.1,195.75178571428572,196.7267857142857,0.6268,W
S1340,WIPRO,2022-12-06 12:55:00+05:30,0.0191,-0.0026,0,,0.8925,40.0,0.1765,0,1.6759,,0,1,0,1,1,0,1,2022-12-06 12:55:00+05:30,2022-12-06 13:00:00+05:30,2022-12-06 13:05:00+05:30,196.2,195.84285714285713,196.84285714285713,0.6429,W
S1341,WIPRO,2022-12-06 13:50:00+05:30,0.0611,0.0853,10,6.0,0.1419,20.0,3.0,0,0.5454,,0,0,0,0,1,0,1,2022-12-06 13:50:00+05:30,2022-12-06 13:55:00+05:30,2022-12-06 14:25:00+05:30,196.55,195.88928571428573,197.73928571428573,-0.6607,L
S1342,WIPRO,2022-12-07 11:25:00+05:30,-0.0385,-0.0808,0,,1.4,16.67,-0.7297,0,0.3015,0.0,9,0,0,1,0,9,10,2022-12-07 12:10:00+05:30,2022-12-07 12:15:00+05:30,2022-12-07 15:00:00+05:30,194.65,193.98928571428573,195.8392857142857,0.4,EOD+
S1343,WIPRO,2022-12-07 12:20:00+05:30,-0.0784,-0.0925,0,,1.3873,0.0,-0.2661,0,0.5783,0.0,2,0,0,1,0,2,3,2022-12-07 12:30:00+05:30,2022-12-07 12:35:00+05:30,2022-12-07 15:00:00+05:30,194.55,194.0589285714286,195.43392857142857,0.5,EOD+
S1344,WIPRO,2022-12-07 12:40:00+05:30,-0.018,-0.0694,0,,0.644,50.0,-1.0,0,1.8291,1.0,3,1,0,1,0,3,4,2022-12-07 12:55:00+05:30,2022-12-07 13:00:00+05:30,2022-12-07 15:00:00+05:30,194.65,194.20357142857142,195.45357142857145,0.4,EOD+
S1345,WIPRO,2022-12-07 13:35:00+05:30,0.0385,0.036,7,6.0,0.3439,83.33,-0.2857,0,0.8638,0.0,1,0,0,0,0,1,2,2022-12-07 13:40:00+05:30,2022-12-07 13:45:00+05:30,2022-12-07 15:00:00+05:30,194.8,194.29107142857143,195.71607142857144,0.25,EOD+
S1346,WIPRO,2022-12-07 13:50:00+05:30,0.0257,0.0385,1,1.0,0.2078,60.0,0.0526,0,2.6434,,0,1,0,0,1,0,1,2022-12-07 13:50:00+05:30,2022-12-07 13:55:00+05:30,2022-12-07 15:00:00+05:30,194.8,194.22857142857143,195.82857142857145,0.25,EOD+
S1347,WIPRO,2022-12-07 14:00:00+05:30,0.0321,0.027,1,1.0,0.1444,40.0,2.0769,0,0.8535,,0,0,0,0,1,0,1,2022-12-07 14:00:00+05:30,2022-12-07 14:05:00+05:30,2022-12-07 15:00:00+05:30,194.75,194.1875,195.7625,0.3,EOD+
S1348,WIPRO,2022-12-07 14:10:00+05:30,0.0295,0.027,0,,0.4667,0.0,-0.4737,0,1.0108,1.0,3,1,0,0,0,3,4,2022-12-07 14:25:00+05:30,2022-12-07 14:30:00+05:30,2022-12-07 15:00:00+05:30,194.8,194.29107142857143,195.71607142857144,0.25,EOD+
S1349,WIPRO,2022-12-08 09:15:00+05:30,,,0,,1.2,33.33,0.0256,0,2.7143,,0,0,0,0,1,0,1,2022-12-08 09:15:00+05:30,2022-12-08 09:20:00+05:30,2022-12-08 09:20:00+05:30,194.9,194.0875,196.3625,-0.8125,L
S1350,WIPRO,2022-12-08 09:25:00+05:30,,,0,,1.5256,100.0,-1.0,0,1.4675,,0,0,0,0,1,0,1,2022-12-08 09:25:00+05:30,2022-12-08 09:30:00+05:30,2022-12-08 09:40:00+05:30,194.7,193.65535714285713,196.58035714285714,-1.0446,L
S1351,WIPRO,2022-12-08 09:35:00+05:30,,,0,,1.318,78.57,-0.834,0,0.331,0.0,7,1,0,1,0,7,8,2022-12-08 10:10:00+05:30,2022-12-08 10:15:00+05:30,2022-12-08 12:50:00+05:30,194.3,193.15714285714287,196.3571428571429,-1.1429,L
S1352,WIPRO,2022-12-08 11:30:00+05:30,-0.0426,-0.1057,0,,1.46,0.0,-0.863,0,0.6669,1.0,9,0,0,0,0,9,10,2022-12-08 12:15:00+05:30,2022-12-08 12:20:00+05:30,2022-12-08 13:30:00+05:30,193.55,192.925,194.675,-0.625,L
S1353,WIPRO,2022-12-08 13:30:00+05:30,-0.0647,-0.0685,0,,2.6431,16.67,-0.6347,0,1.2843,0.0,9,0,0,0,0,9,10,2022-12-08 14:15:00+05:30,2022-12-08 14:20:00+05:30,2022-12-08 15:00:00+05:30,193.15,192.63214285714287,194.08214285714286,-0.3,EOD-
S1354,WIPRO,2022-12-08 14:25:00+05:30,-0.0505,-0.0855,1,1.0,0.6382,16.67,-0.0323,0,1.3285,1.0,1,0,0,0,0,1,2,2022-12-08 14:30:00+05:30,2022-12-08 14:35:00+05:30,2022-12-08 15:00:00+05:30,193.05,192.44285714285715,194.14285714285717,-0.2,EOD-
S1355,WIPRO,2022-12-12 09:15:00+05:30,,,0,,4.65,78.72,-0.8045,0,0.966,0.0,4,1,0,1,0,4,5,2022-12-12 09:35:00+05:30,2022-12-12 09:40:00+05:30,2022-12-12 15:00:00+05:30,187.8,186.425,190.275,0.2,EOD+
S1356,WIPRO,2022-12-12 11:00:00+05:30,0.1486,0.0505,15,15.0,0.4468,0.0,-0.3333,0,0.4469,1.0,2,0,0,0,0,2,3,2022-12-12 11:10:00+05:30,2022-12-12 11:15:00+05:30,2022-12-12 14:25:00+05:30,188.6,187.76071428571427,190.11071428571427,-0.8393,L
S1357,WIPRO,2022-12-12 11:30:00+05:30,0.0159,0.224,0,,1.5091,100.0,-1.0,0,0.7081,0.0,9,1,0,1,0,9,10,2022-12-12 12:15:00+05:30,2022-12-12 12:20:00+05:30,2022-12-12 14:20:00+05:30,188.5,187.8125,189.7375,-0.6875,L
S1358,WIPRO,2022-12-12 13:25:00+05:30,0.0768,0.053,13,11.0,0.7197,83.33,-0.726,0,0.687,1.0,7,0,0,1,0,7,8,2022-12-12 14:00:00+05:30,2022-12-12 14:05:00+05:30,2022-12-12 14:15:00+05:30,188.8,188.16607142857146,189.94107142857143,-0.6339,L
S1359,WIPRO,2022-12-13 10:40:00+05:30,0.1407,0.2619,17,17.0,0.1974,0.0,0.8182,0,0.4836,,0,1,0,0,1,0,1,2022-12-13 10:40:00+05:30,2022-12-13 10:45:00+05:30,2022-12-13 14:20:00+05:30,190.1,189.4035714285714,191.35357142857143,-0.6964,L
S1360,WIPRO,2022-12-13 10:55:00+05:30,0.0289,0.1407,2,2.0,0.0889,50.0,1.5,0,0.5219,,0,0,0,1,1,0,1,2022-12-13 10:55:00+05:30,2022-12-13 11:00:00+05:30,2022-12-13 12:30:00+05:30,190.1,189.5375,191.1125,-0.5625,L
S1361,WIPRO,2022-12-13 11:05:00+05:30,0.0013,0.0671,0,,0.0389,0.0,-1.0,0,0.4973,0.0,1,0,0,1,0,1,2,2022-12-13 11:10:00+05:30,2022-12-13 11:15:00+05:30,2022-12-13 12:25:00+05:30,190.1,189.61785714285713,190.96785714285713,-0.4821,L
S1362,WIPRO,2022-12-13 11:20:00+05:30,-0.0013,0.0013,1,1.0,0.1089,0.0,1.8571,0,0.9289,,0,0,0,1,1,0,1,2022-12-13 11:20:00+05:30,2022-12-13 11:25:00+05:30,2022-12-13 12:25:00+05:30,190.1,189.69821428571427,190.82321428571427,-0.4018,L
S1363,WIPRO,2022-12-13 11:30:00+05:30,0.0105,-0.0145,0,,0.1878,0.0,0.8182,0,0.9567,,0,0,0,0,1,0,1,2022-12-13 11:30:00+05:30,2022-12-13 11:35:00+05:30,2022-12-13 12:25:00+05:30,190.1,189.73392857142858,190.75892857142856,-0.3661,L
S1364,WIPRO,2022-12-13 11:55:00+05:30,0.0053,0.0132,0,,1.7973,66.67,-1.0,0,1.7221,1.0,9,0,0,0,0,9,10,2022-12-13 12:40:00+05:30,2022-12-13 12:45:00+05:30,2022-12-13 12:45:00+05:30,190.05,189.71964285714287,190.64464285714286,-0.3304,L
S1365,WIPRO,2022-12-13 12:50:00+05:30,-0.0355,-0.0592,0,,0.6391,57.14,-0.3651,0,0.7058,0.0,1,1,0,1,0,1,2,2022-12-13 12:55:00+05:30,2022-12-13 13:00:00+05:30,2022-12-13 14:25:00+05:30,189.9,189.2839285714286,191.00892857142858,-0.6161,L
S1366,WIPRO,2022-12-13 13:50:00+05:30,0.05,0.0434,9,3.0,0.0494,40.0,-1.0,0,0.7428,0.0,1,0,0,1,0,1,2,2022-12-13 13:55:00+05:30,2022-12-13 14:00:00+05:30,2022-12-13 14:25:00+05:30,190.1,189.34107142857144,191.4660714285714,-0.7589,L
S1367,WIPRO,2022-12-14 10:25:00+05:30,0.2854,0.355,14,12.0,0.0693,0.0,5.0,0,0.3817,,0,1,1,0,1,0,1,2022-12-14 10:25:00+05:30,2022-12-14 10:30:00+05:30,2022-12-14 12:30:00+05:30,192.0,191.09821428571428,193.62321428571428,-0.9018,L
S1368,WIPRO,2022-12-14 10:50:00+05:30,0.2405,0.2474,0,,1.233,0.0,-0.871,0,0.8221,1.0,9,0,0,0,0,9,10,2022-12-14 11:35:00+05:30,2022-12-14 11:40:00+05:30,2022-12-14 12:30:00+05:30,191.95,191.1642857142857,193.3642857142857,-0.7857,L
S1369,WIPRO,2022-12-14 11:45:00+05:30,-0.0743,-0.1159,0,,0.6509,100.0,-1.0,0,0.7744,1.0,2,0,0,1,0,2,3,2022-12-14 11:55:00+05:30,2022-12-14 12:00:00+05:30,2022-12-14 12:20:00+05:30,191.85,191.34107142857144,192.7660714285714,-0.5089,L
S1370,WIPRO,2022-12-14 12:20:00+05:30,-0.0535,-0.0574,0,,2.1368,85.71,-0.8851,0,1.4066,0.0,9,0,0,0,0,9,10,2022-12-14 13:05:00+05:30,2022-12-14 13:10:00+05:30,2022-12-14 13:45:00+05:30,191.75,191.24107142857144,192.6660714285714,-0.5089,L
S1371,WIPRO,2022-12-14 13:20:00+05:30,-0.0222,-0.03,2,2.0,0.0875,20.0,5.6667,0,0.5564,,0,0,0,1,1,0,1,2022-12-14 13:20:00+05:30,2022-12-14 13:25:00+05:30,2022-12-14 14:05:00+05:30,191.65,191.00714285714287,192.80714285714285,-0.6429,L
S1372,WIPRO,2022-12-14 13:30:00+05:30,-0.0326,-0.0248,0,,0.3957,25.0,0.0256,0,0.6666,,0,0,1,0,1,0,1,2022-12-14 13:30:00+05:30,2022-12-14 13:35:00+05:30,2022-12-14 14:10:00+05:30,191.55,190.9339285714286,192.65892857142856,-0.6161,L
S1373,WIPRO,2022-12-15 10:05:00+05:30,-0.1798,-0.1731,0,,2.3375,50.0,-0.893,0,0.4701,1.0,9,0,0,1,0,9,10,2022-12-15 10:50:00+05:30,2022-12-15 10:55:00+05:30,2022-12-15 14:30:00+05:30,189.95,188.95,191.75,-1.0,L
S1374,WIPRO,2022-12-15 11:00:00+05:30,-0.1344,-0.179,1,1.0,0.2015,25.0,2.1579,0,0.441,,0,1,0,1,1,0,1,2022-12-15 11:00:00+05:30,2022-12-15 11:05:00+05:30,2022-12-15 12:15:00+05:30,189.95,189.36071428571427,191.01071428571427,-0.5893,L
S1375,WIPRO,2022-12-15 11:15:00+05:30,-0.0422,-0.1344,2,2.0,0.18,25.0,2.3333,0,0.6566,,0,1,0,0,1,0,1,2022-12-15 11:15:00+05:30,2022-12-15 11:20:00+05:30,2022-12-15 12:30:00+05:30,189.9,189.275,191.025,-0.625,L
S1376,WIPRO,2022-12-15 11:40:00+05:30,0.0487,0.0145,4,1.0,0.178,60.0,1.6667,0,0.8587,,0,1,0,0,1,0,1,2022-12-15 11:40:00+05:30,2022-12-15 11:45:00+05:30,2022-12-15 12:15:00+05:30,189.95,189.42321428571427,190.8982142857143,-0.5268,L
S1377,WIPRO,2022-12-15 11:55:00+05:30,0.0461,0.0487,1,1.0,0.1569,33.33,0.5385,0,0.7326,,0,0,0,1,1,0,1,2022-12-15 11:55:00+05:30,2022-12-15 12:00:00+05:30,2022-12-15 12:15:00+05:30,189.95,189.43214285714282,190.88214285714287,-0.5179,L
S1378,WIPRO,2022-12-15 12:45:00+05:30,-0.0857,-0.0474,0,,2.3333,60.0,-0.9091,0,0.4869,0.0,9,0,0,0,0,9,10,2022-12-15 13:30:00+05:30,2022-12-15 13:35:00+05:30,2022-12-15 14:30:00+05:30,189.5,188.91071428571428,190.5607142857143,-0.5893,L
S1379,WIPRO,2022-12-15 13:40:00+05:30,-0.0713,-0.0779,0,,0.56,33.33,-0.2857,0,0.7842,,0,0,0,1,1,0,1,2022-12-15 13:40:00+05:30,2022-12-15 13:45:00+05:30,2022-12-15 14:30:00+05:30,189.45,188.825,190.575,-0.625,L
S1380,WIPRO,2022-12-15 13:50:00+05:30,-0.0462,-0.0818,0,,0.8676,40.0,-0.3182,0,0.4514,0.0,2,0,0,1,0,2,3,2022-12-15 14:00:00+05:30,2022-12-15 14:05:00+05:30,2022-12-15 14:30:00+05:30,189.55,188.91607142857146,190.69107142857143,-0.6339,L
S1381,WIPRO,2022-12-15 14:10:00+05:30,-0.0198,-0.0422,0,,0.3694,66.67,-1.0,0,0.7983,,0,0,0,1,1,0,1,2022-12-15 14:10:00+05:30,2022-12-15 14:15:00+05:30,2022-12-15 14:30:00+05:30,189.35,188.70714285714286,190.50714285714287,-0.6429,L
S1382,WIPRO,2022-12-15 14:20:00+05:30,0.0053,-0.0264,0,,0.053,50.0,-1.0,0,0.9818,,0,0,0,1,1,0,1,2022-12-15 14:20:00+05:30,2022-12-15 14:25:00+05:30,2022-12-15 14:30:00+05:30,189.35,188.76071428571427,190.41071428571428,-0.5893,L
S1383,WIPRO,2022-12-16 10:05:00+05:30,-0.2395,-0.2671,0,,1.9904,70.0,-0.9576,0,0.5109,0.0,9,0,1,1,0,9,10,2022-12-16 10:50:00+05:30,2022-12-16 10:55:00+05:30,2022-12-16 15:00:00+05:30,187.25,185.76785714285714,189.91785714285714,-0.55,EOD-
S1384,WIPRO,2022-12-16 11:00:00+05:30,-0.1202,-0.235,0,,0.3462,90.91,-0.5652,0,0.8039,,0,0,0,0,1,0,1,2022-12-16 11:00:00+05:30,2022-12-16 11:05:00+05:30,2022-12-16 13:45:00+05:30,187.65,186.81964285714287,189.14464285714288,-0.8304,L
S1385,WIPRO,2022-12-16 11:50:00+05:30,0.1093,0.128,9,6.0,0.298,40.0,-0.0698,0,0.6909,1.0,1,0,0,0,0,1,2,2022-12-16 11:55:00+05:30,2022-12-16 12:00:00+05:30,2022-12-16 13:45:00+05:30,187.65,186.74821428571428,189.2732142857143,-0.9018,L
S1386,WIPRO,2022-12-16 12:05:00+05:30,0.0733,0.1093,0,,0.4958,50.0,-0.7059,0,0.7351,,0,0,0,0,1,0,1,2022-12-16 12:05:00+05:30,2022-12-16 12:10:00+05:30,2022-12-16 13:45:00+05:30,187.65,186.79285714285714,189.19285714285715,-0.8571,L
S1387,WIPRO,2022-12-16 12:15:00+05:30,0.0533,0.0826,0,,0.3344,20.0,-0.0698,0,0.589,,0,1,0,1,1,0,1,2022-12-16 12:15:00+05:30,2022-12-16 12:20:00+05:30,2022-12-16 13:45:00+05:30,187.7,186.89642857142857,189.14642857142857,-0.8036,L
S1388,WIPRO,2022-12-16 12:55:00+05:30,0.0718,0.1503,6,3.0,0.2471,83.33,-0.3333,0,1.0395,1.0,1,0,0,0,0,1,2,2022-12-16 13:00:00+05:30,2022-12-16 13:05:00+05:30,2022-12-16 13:35:00+05:30,188.1,187.3410714285714,189.46607142857144,-0.7589,L
S1389,WIPRO,2022-12-16 13:10:00+05:30,-0.0027,0.0718,1,1.0,0.2178,40.0,0.4286,0,0.8099,,0,0,0,1,1,0,1,2022-12-16 13:10:00+05:30,2022-12-16 13:15:00+05:30,2022-12-16 13:35:00+05:30,188.0,187.19642857142856,189.44642857142858,-0.8036,L
S1390,WIPRO,2022-12-19 09:30:00+05:30,,,0,,1.1944,17.65,-0.5082,0,0.1312,0.0,9,0,0,0,0,9,10,2022-12-19 10:15:00+05:30,2022-12-19 10:20:00+05:30,2022-12-19 14:20:00+05:30,186.0,184.72321428571428,188.2982142857143,-1.2768,L
S1391,WIPRO,2022-12-19 11:30:00+05:30,-0.0741,-0.0983,0,,1.3904,20.0,-1.0,0,1.2483,0.0,9,0,0,0,0,9,10,2022-12-19 12:15:00+05:30,2022-12-19 12:20:00+05:30,2022-12-19 14:20:00+05:30,185.35,184.69821428571427,186.5232142857143,-0.6518,L
S1392,WIPRO,2022-12-19 12:50:00+05:30,-0.0202,-0.027,0,,1.2345,0.0,-0.5876,0,0.8559,1.0,9,0,0,0,0,9,10,2022-12-19 13:35:00+05:30,2022-12-19 13:40:00+05:30,2022-12-19 14:20:00+05:30,185.2,184.70892857142857,186.08392857142854,-0.4911,L
S1393,WIPRO,2022-12-19 13:45:00+05:30,0.0,-0.0135,0,,0.9234,25.0,-0.0323,0,1.3933,1.0,2,0,0,0,0,2,3,2022-12-19 13:55:00+05:30,2022-12-19 14:00:00+05:30,2022-12-19 14:20:00+05:30,185.2,184.78035714285716,185.9553571428571,-0.4196,L
S1394,WIPRO,2022-12-20 10:05:00+05:30,-0.1867,-0.1648,0,,1.8712,50.0,-1.0,0,0.352,0.0,9,1,1,1,0,9,10,2022-12-20 10:50:00+05:30,2022-12-20 10:55:00+05:30,2022-12-20 15:00:00+05:30,184.1,182.73392857142858,186.55892857142857,1.45,EOD+
S1395,WIPRO,2022-12-20 11:00:00+05:30,-0.2202,-0.2471,1,1.0,0.9049,88.89,-0.8113,0,0.3794,0.0,2,1,0,1,0,2,3,2022-12-20 11:10:00+05:30,2022-12-20 11:15:00+05:30,2022-12-20 14:10:00+05:30,184.0,183.26785714285717,185.31785714285712,1.3179,W
S1396,WIPRO,2022-12-20 11:25:00+05:30,0.0217,-0.1224,2,2.0,0.0194,0.0,29.0,0,0.8203,,0,0,0,0,1,0,1,2022-12-20 11:25:00+05:30,2022-12-20 11:30:00+05:30,2022-12-20 14:00:00+05:30,184.05,183.40714285714287,185.20714285714283,1.1571,W
S1397,WIPRO,2022-12-20 11:35:00+05:30,0.0611,-0.0054,0,,0.0203,25.0,19.0,0,0.8286,,0,0,0,1,1,0,1,2022-12-20 11:35:00+05:30,2022-12-20 11:40:00+05:30,2022-12-20 14:00:00+05:30,184.1,183.48392857142858,185.20892857142854,1.1089,W
S1398,WIPRO,2022-12-20 11:45:00+05:30,0.0462,0.0448,0,,0.1014,40.0,-1.0,0,1.0766,1.0,1,1,0,1,0,1,2,2022-12-20 11:50:00+05:30,2022-12-20 11:55:00+05:30,2022-12-20 14:10:00+05:30,184.3,183.6839285714286,185.40892857142856,1.1089,W
S1399,WIPRO,2022-12-20 13:10:00+05:30,0.0826,0.1165,15,2.0,1.0134,66.67,-0.5876,0,1.3239,0.0,6,0,0,1,0,6,7,2022-12-20 13:40:00+05:30,2022-12-20 13:45:00+05:30,2022-12-20 15:00:00+05:30,184.95,184.3517857142857,186.0267857142857,0.6,EOD+
S1400,WIPRO,2022-12-21 10:20:00+05:30,0.2102,0.2212,13,11.0,0.2316,14.29,1.2727,0,0.5998,,0,0,0,0,1,0,1,2022-12-21 10:20:00+05:30,2022-12-21 10:25:00+05:30,2022-12-21 14:00:00+05:30,186.85,185.6625,188.9875,-1.1875,L
S1401,WIPRO,2022-12-21 10:30:00+05:30,0.1753,0.217,0,,0.8144,14.29,-0.8347,0,0.8097,1.0,7,1,0,1,0,7,8,2022-12-21 11:05:00+05:30,2022-12-21 11:10:00+05:30,2022-12-21 12:55:00+05:30,186.8,185.87142857142857,188.4714285714286,-0.9286,L
S1402,WIPRO,2022-12-21 11:15:00+05:30,-0.0817,0.0,0,,0.1972,0.0,1.0,0,0.8541,,0,0,1,1,1,0,1,2022-12-21 11:15:00+05:30,2022-12-21 11:20:00+05:30,2022-12-21 12:25:00+05:30,186.9,186.26607142857145,188.04107142857143,-0.6339,L
S1403,WIPRO,2022-12-21 11:25:00+05:30,-0.0522,-0.0602,0,,0.5056,20.0,-0.2308,0,0.747,,0,1,0,1,1,0,1,2022-12-21 11:25:00+05:30,2022-12-21 11:30:00+05:30,2022-12-21 12:35:00+05:30,186.75,186.10714285714286,187.90714285714284,-0.6429,L
S1404,WIPRO,2022-12-21 11:35:00+05:30,-0.0281,-0.0736,0,,0.4861,50.0,-0.2,0,0.9026,1.0,1,0,0,1,0,1,2,2022-12-21 11:40:00+05:30,2022-12-21 11:45:00+05:30,2022-12-21 12:25:00+05:30,186.95,186.30714285714285,188.10714285714283,-0.6429,L
S1405,WIPRO,2022-12-21 12:00:00+05:30,0.0027,-0.004,3,2.0,0.3246,25.0,0.25,0,0.7447,,0,0,1,1,1,0,1,2022-12-21 12:00:00+05:30,2022-12-21 12:05:00+05:30,2022-12-21 12:30:00+05:30,186.8,186.18392857142857,187.9089285714286,-0.6161,L
S1406,WIPRO,2022-12-21 12:50:00+05:30,-0.0576,-0.0254,0,,2.6434,77.78,-0.9303,0,1.612,1.0,9,1,1,0,0,9,10,2022-12-21 13:35:00+05:30,2022-12-21 13:40:00+05:30,2022-12-21 14:00:00+05:30,186.35,185.67142857142858,187.57142857142856,-0.6786,L
S1407,WIPRO,2022-12-21 13:45:00+05:30,-0.0752,-0.1141,0,,0.0071,33.33,119.0,0,1.4474,,0,0,1,0,1,0,1,2022-12-21 13:45:00+05:30,2022-12-21 13:50:00+05:30,2022-12-21 13:55:00+05:30,186.8,185.91607142857146,188.39107142857142,-0.8839,L
S1408,WIPRO,2022-12-21 13:55:00+05:30,-0.0483,-0.098,0,,0.985,54.55,-0.7484,0,0.9812,0.0,6,1,0,1,0,6,7,2022-12-21 14:25:00+05:30,2022-12-21 14:30:00+05:30,2022-12-21 15:00:00+05:30,186.2,185.19107142857143,188.0160714285714,0.1,EOD+
S1409,WIPRO,2022-12-22 09:30:00+05:30,,,3,3.0,0.2811,40.0,0.5686,0,0.7515,,0,0,0,0,1,0,1,2022-12-22 09:30:00+05:30,2022-12-22 09:35:00+05:30,2022-12-22 10:30:00+05:30,186.6,185.4660714285714,188.64107142857142,-1.1339,L
S1410,WIPRO,2022-12-22 09:40:00+05:30,0.0926,,0,,0.757,25.0,-0.4521,0,0.4743,0.0,1,1,0,1,0,1,2,2022-12-22 09:45:00+05:30,2022-12-22 09:50:00+05:30,2022-12-22 10:30:00+05:30,186.8,185.59464285714287,188.96964285714287,-1.2054,L
S1411,WIPRO,2022-12-22 10:00:00+05:30,0.0724,0.0872,2,1.0,0.14,75.0,0.4286,0,0.7195,,0,1,0,0,1,0,1,2022-12-22 10:00:00+05:30,2022-12-22 10:05:00+05:30,2022-12-22 10:30:00+05:30,186.5,185.25,188.75,-1.25,L
S1412,WIPRO,2022-12-22 11:30:00+05:30,-0.1616,-0.1803,0,,1.274,80.0,-0.8901,0,1.2401,1.0,9,0,0,0,0,9,10,2022-12-22 12:15:00+05:30,2022-12-22 12:20:00+05:30,2022-12-22 15:00:00+05:30,185.2,184.30714285714285,186.80714285714285,0.3,EOD+
S1413,WIPRO,2022-12-22 12:25:00+05:30,-0.0446,-0.139,0,,0.3988,16.67,-0.1837,0,1.4953,1.0,1,0,0,0,0,1,2,2022-12-22 12:30:00+05:30,2022-12-22 12:35:00+05:30,2022-12-22 15:00:00+05:30,185.2,184.43214285714285,186.58214285714286,0.3,EOD+
S1414,WIPRO,2022-12-22 12:40:00+05:30,-0.0243,-0.0446,0,,0.9523,85.71,-0.8291,0,0.7577,0.0,5,0,1,0,0,5,6,2022-12-22 13:05:00+05:30,2022-12-22 13:10:00+05:30,2022-12-22 15:00:00+05:30,185.15,184.38214285714287,186.53214285714287,0.35,EOD+
S1415,WIPRO,2022-12-22 13:15:00+05:30,-0.0649,-0.0757,0,,0.0895,60.0,2.6364,0,0.6132,,0,0,0,0,1,0,1,2022-12-22 13:15:00+05:30,2022-12-22 13:20:00+05:30,2022-12-22 15:00:00+05:30,185.15,184.38214285714287,186.53214285714284,0.35,EOD+
S1416,WIPRO,2022-12-22 13:25:00+05:30,-0.0324,-0.073,0,,0.56,28.57,-0.0625,0,1.1243,1.0,1,1,0,1,0,1,2,2022-12-22 13:30:00+05:30,2022-12-22 13:35:00+05:30,2022-12-22 15:00:00+05:30,185.05,184.33571428571432,186.33571428571426,0.45,EOD+
S1417,WIPRO,2022-12-23 11:30:00+05:30,-0.2427,-0.1903,0,,2.9207,70.0,-0.9449,0,1.1202,0.0,9,0,1,0,0,9,10,2022-12-23 12:15:00+05:30,2022-12-23 12:20:00+05:30,2022-12-23 13:35:00+05:30,182.15,181.37321428571428,183.5482142857143,-0.7768,L
S1418,WIPRO,2022-12-23 12:30:00+05:30,-0.0523,-0.077,2,2.0,0.1117,66.67,0.3333,0,0.6319,,0,0,0,0,1,0,1,2022-12-23 12:30:00+05:30,2022-12-23 12:35:00+05:30,2022-12-23 14:00:00+05:30,181.8,180.9607142857143,183.3107142857143,-0.8393,L
S1419,WIPRO,2022-12-23 12:40:00+05:30,-0.0523,-0.055,0,,0.2989,28.57,-0.4737,0,0.8083,,0,1,0,0,1,0,1,2022-12-23 12:40:00+05:30,2022-12-23 12:45:00+05:30,2022-12-23 14:00:00+05:30,181.8,181.00535714285715,183.23035714285717,-0.7946,L
S1420,WIPRO,2022-12-23 12:50:00+05:30,-0.0578,-0.0468,0,,0.3146,50.0,0.0,0,0.4957,0.0,1,1,0,1,0,1,2,2022-12-23 12:55:00+05:30,2022-12-23 13:00:00+05:30,2022-12-23 14:00:00+05:30,181.7,180.90535714285713,183.13035714285715,-0.7946,L
S1421,WIPRO,2022-12-23 13:25:00+05:30,0.0701,-0.0234,4,4.0,0.0903,25.0,2.3333,0,0.6748,,0,0,0,1,1,0,1,2022-12-23 13:25:00+05:30,2022-12-23 13:30:00+05:30,2022-12-23 14:00:00+05:30,181.8,180.96964285714287,183.2946428571429,-0.8304,L
S1422,WIPRO,2022-12-23 13:45:00+05:30,0.0151,0.0674,0,,1.9883,33.33,-0.8502,0,1.341,1.0,9,0,1,0,0,9,10,2022-12-23 14:30:00+05:30,2022-12-23 14:35:00+05:30,2022-12-23 15:00:00+05:30,181.5,180.66071428571428,183.0107142857143,-0.8393,L
S1423,WIPRO,2022-12-26 09:15:00+05:30,,,0,,2.2044,7.69,-0.3315,0,1.5753,0.0,1,1,0,0,0,1,2,2022-12-26 09:20:00+05:30,2022-12-26 09:25:00+05:30,2022-12-26 15:00:00+05:30,180.95,179.93214285714285,182.78214285714284,1.35,EOD+
S1424,WIPRO,2022-12-26 10:05:00+05:30,0.0538,0.127,8,6.0,0.0988,20.0,4.8333,0,0.5768,,0,0,0,0,1,0,1,2022-12-26 10:05:00+05:30,2022-12-26 10:10:00+05:30,2022-12-26 15:00:00+05:30,181.4,179.88214285714287,184.13214285714287,0.9,EOD+
S1425,WIPRO,2022-12-26 10:15:00+05:30,0.0331,0.0787,1,1.0,0.0,0.0,,1,0.271,,0,1,0,1,1,0,1,2022-12-26 10:15:00+05:30,2022-12-26 10:20:00+05:30,2022-12-26 15:00:00+05:30,181.3,179.80892857142857,183.9839285714286,1.0,EOD+
S1426,WIPRO,2022-12-26 10:30:00+05:30,0.0965,0.0331,1,1.0,0.1737,0.0,2.5294,0,0.467,,0,0,0,1,1,0,1,2022-12-26 10:30:00+05:30,2022-12-26 10:35:00+05:30,2022-12-26 15:00:00+05:30,181.5,180.27678571428572,183.70178571428573,0.8,EOD+
S1427,WIPRO,2022-12-26 10:45:00+05:30,0.1461,0.0965,2,2.0,0.3381,83.33,-1.0,0,0.3568,,0,0,0,1,1,0,1,2022-12-26 10:45:00+05:30,2022-12-26 10:50:00+05:30,2022-12-26 15:00:00+05:30,181.55,180.4964285714286,183.44642857142858,0.75,EOD+
S1428,WIPRO,2022-12-26 10:55:00+05:30,0.146,0.1337,0,,0.1359,87.5,-1.0,0,0.737,,0,1,1,1,1,0,1,2022-12-26 10:55:00+05:30,2022-12-26 11:00:00+05:30,2022-12-26 15:00:00+05:30,181.9,180.98035714285714,183.55535714285716,0.4,EOD+
S1429,WIPRO,2022-12-26 11:10:00+05:30,0.0977,0.146,2,2.0,0.0615,0.0,4.0,0,0.4928,,0,0,0,1,1,0,1,2022-12-26 11:10:00+05:30,2022-12-26 11:15:00+05:30,2022-12-26 15:00:00+05:30,181.7,180.8875,183.1625,0.6,EOD+
S1430,WIPRO,2022-12-26 11:20:00+05:30,0.0289,0.1211,0,,0.0076,80.0,39.0,0,1.3975,,0,0,0,0,1,0,1,2022-12-26 11:20:00+05:30,2022-12-26 11:25:00+05:30,2022-12-26 12:30:00+05:30,182.1,181.2785714285714,183.57857142857142,-0.8214,L
S1431,WIPRO,2022-12-26 11:55:00+05:30,0.0674,0.0385,6,5.0,0.1818,40.0,1.0,0,0.6079,,0,0,0,1,1,0,1,2022-12-26 11:55:00+05:30,2022-12-26 12:00:00+05:30,2022-12-26 15:00:00+05:30,181.8,181.1125,183.03750000000002,0.5,EOD+
S1432,WIPRO,2022-12-26 12:05:00+05:30,0.0578,0.0564,0,,1.3125,40.0,-0.4667,0,0.5827,0.0,2,0,0,1,0,2,3,2022-12-26 12:15:00+05:30,2022-12-26 12:20:00+05:30,2022-12-26 15:00:00+05:30,181.8,181.0857142857143,183.08571428571432,0.5,EOD+
S1433,WIPRO,2022-12-26 12:25:00+05:30,0.0289,0.0495,0,,1.1577,83.33,-1.0,0,0.9301,1.0,7,1,0,1,0,7,8,2022-12-26 13:00:00+05:30,2022-12-26 13:05:00+05:30,2022-12-26 15:00:00+05:30,181.85,181.1535714285714,183.10357142857143,0.45,EOD+
S1434,WIPRO,2022-12-26 13:15:00+05:30,-0.0179,-0.0344,2,2.0,0.0691,100.0,-1.0,0,0.9922,1.0,2,1,0,0,0,2,3,2022-12-26 13:25:00+05:30,2022-12-26 13:30:00+05:30,2022-12-26 15:00:00+05:30,181.65,180.92678571428573,182.9517857142857,0.65,EOD+
S1435,WIPRO,2022-12-26 13:50:00+05:30,0.011,-0.0206,3,2.0,0.0266,57.14,-1.0,0,0.6357,0.0,1,1,0,1,0,1,2,2022-12-26 13:55:00+05:30,2022-12-26 14:00:00+05:30,2022-12-26 15:00:00+05:30,181.8,181.09464285714287,183.06964285714287,0.5,EOD+
S1436,WIPRO,2022-12-26 14:30:00+05:30,0.0619,0.0371,6,6.0,0.0,20.0,,1,0.8408,,0,0,1,1,1,0,1,2022-12-26 14:30:00+05:30,2022-12-26 14:35:00+05:30,2022-12-26 15:00:00+05:30,182.1,181.475,183.225,0.2,EOD+
S1437,WIPRO,2022-12-27 09:30:00+05:30,,,3,2.0,0.1252,69.23,1.7273,0,1.5043,,0,1,0,0,1,0,1,2022-12-27 09:30:00+05:30,2022-12-27 09:35:00+05:30,2022-12-27 13:15:00+05:30,182.2,181.1017857142857,184.1767857142857,1.9768,W
S1438,WIPRO,2022-12-27 12:30:00+05:30,0.0845,0.1064,34,5.0,0.1422,66.67,-1.0,0,2.3627,1.0,1,1,0,1,0,1,2,2022-12-27 12:35:00+05:30,2022-12-27 12:40:00+05:30,2022-12-27 14:50:00+05:30,183.7,183.1285714285714,184.72857142857143,1.0286,W
S1439,WIPRO,2022-12-27 13:00:00+05:30,0.0844,0.0749,4,4.0,0.0778,100.0,-1.0,0,2.6328,1.0,1,1,0,0,0,1,2,2022-12-27 13:05:00+05:30,2022-12-27 13:10:00+05:30,2022-12-27 15:00:00+05:30,184.0,183.35714285714286,185.15714285714284,0.7,EOD+
S1440,WIPRO,2022-12-27 13:25:00+05:30,0.1061,0.098,3,1.0,0.0512,37.5,12.3333,0,1.4293,,0,0,0,0,1,0,1,2022-12-27 13:25:00+05:30,2022-12-27 13:30:00+05:30,2022-12-27 15:00:00+05:30,184.0,183.26785714285717,185.31785714285712,0.7,EOD+
S1441,WIPRO,2022-12-28 09:15:00+05:30,,,0,,3.271,37.5,-0.6,0,0.8232,0.0,4,1,0,0,0,4,5,2022-12-28 09:35:00+05:30,2022-12-28 09:40:00+05:30,2022-12-28 14:15:00+05:30,184.45,183.49464285714285,186.16964285714283,1.7196,W
S1442,WIPRO,2022-12-28 09:45:00+05:30,0.0054,,0,,0.3626,28.57,0.3889,0,0.6088,,0,1,0,0,1,0,1,2022-12-28 09:45:00+05:30,2022-12-28 09:50:00+05:30,2022-12-28 15:00:00+05:30,184.4,183.1589285714286,186.63392857142858,0.65,EOD+
S1443,WIPRO,2022-12-28 10:20:00+05:30,0.0582,0.0772,5,2.0,0.0049,0.0,119.0,0,0.5772,,0,0,0,0,1,0,1,2022-12-28 10:20:00+05:30,2022-12-28 10:25:00+05:30,2022-12-28 15:00:00+05:30,184.9,183.63214285714287,187.18214285714288,0.15,EOD+
S1444,WIPRO,2022-12-28 10:30:00+05:30,0.0284,0.0677,0,,0.1631,28.57,0.6667,0,0.3845,,0,1,0,1,1,0,1,2022-12-28 10:30:00+05:30,2022-12-28 10:35:00+05:30,2022-12-28 15:00:00+05:30,184.65,183.73035714285714,186.30535714285716,0.4,EOD+
S1445,WIPRO,2022-12-28 11:35:00+05:30,0.0932,0.1595,11,9.0,0.1195,50.0,0.4286,0,0.5028,,0,0,1,0,1,0,1,2022-12-28 11:35:00+05:30,2022-12-28 11:40:00+05:30,2022-12-28 15:00:00+05:30,185.15,184.41785714285714,186.46785714285713,-0.1,EOD-
S1446,WIPRO,2022-12-28 11:45:00+05:30,0.0527,0.1175,0,,0.3722,71.43,-0.5238,0,0.5374,,0,1,0,1,1,0,1,2022-12-28 11:45:00+05:30,2022-12-28 11:50:00+05:30,2022-12-28 15:00:00+05:30,185.2,184.49464285714285,186.46964285714282,-0.15,EOD-
S1447,WIPRO,2022-12-28 12:20:00+05:30,0.0931,0.0729,6,4.0,0.1338,33.33,5.1538,0,0.7258,,0,0,0,0,1,0,1,2022-12-28 12:20:00+05:30,2022-12-28 12:25:00+05:30,2022-12-28 14:55:00+05:30,185.5,184.89285714285717,186.59285714285713,-0.6071,L
S1448,WIPRO,2022-12-28 12:45:00+05:30,0.0364,0.0634,4,2.0,0.0,50.0,,1,0.6234,,0,0,0,1,1,0,1,2022-12-28 12:45:00+05:30,2022-12-28 12:50:00+05:30,2022-12-28 14:55:00+05:30,185.45,184.9142857142857,186.41428571428568,-0.5357,L
S1449,WIPRO,2022-12-28 12:55:00+05:30,0.031,0.0458,0,,0.9333,0.0,0.0,0,0.6068,0.0,9,1,0,1,0,9,10,2022-12-28 13:40:00+05:30,2022-12-28 13:45:00+05:30,2022-12-28 14:55:00+05:30,185.4,184.86428571428573,186.3642857142857,-0.5357,L
S1450,WIPRO,2022-12-29 09:25:00+05:30,,,0,,1.7778,57.14,-0.875,0,0.6187,0.0,9,0,1,0,0,9,10,2022-12-29 10:10:00+05:30,2022-12-29 10:15:00+05:30,2022-12-29 15:00:00+05:30,185.15,184.025,187.17500000000004,0.75,EOD+
S1451,WIPRO,2022-12-29 10:20:00+05:30,-0.0649,-0.1297,0,,0.0553,100.0,-1.0,0,0.2634,,0,0,0,0,1,0,1,2022-12-29 10:20:00+05:30,2022-12-29 10:25:00+05:30,2022-12-29 15:00:00+05:30,185.15,184.13214285714287,186.9821428571429,0.75,EOD+
S1452,WIPRO,2022-12-29 10:55:00+05:30,-0.0081,-0.0243,0,,0.4375,50.0,-0.5556,0,1.3993,1.0,9,1,1,0,0,9,10,2022-12-29 11:40:00+05:30,2022-12-29 11:45:00+05:30,2022-12-29 15:00:00+05:30,185.0,184.35714285714286,186.15714285714287,1.1571,W
S1453,WIPRO,2022-12-29 12:50:00+05:30,0.0649,0.0189,13,3.0,0.4617,57.14,0.9355,0,0.5691,,0,0,0,1,1,0,1,2022-12-29 12:50:00+05:30,2022-12-29 12:55:00+05:30,2022-12-29 14:40:00+05:30,184.95,184.53035714285713,185.70535714285714,0.7554,W
S1454,WIPRO,2022-12-29 14:30:00+05:30,0.0485,0.0634,18,8.0,0.3889,40.0,0.3333,0,2.4877,,0,1,0,0,1,0,1,2022-12-29 14:30:00+05:30,2022-12-29 14:35:00+05:30,2022-12-29 15:00:00+05:30,185.6,185.11785714285716,186.46785714285713,0.8679,W
S1455,WIPRO,2022-12-30 10:20:00+05:30,0.3021,0.3413,13,12.0,0.3883,0.0,0.6901,0,0.462,,0,0,0,0,1,0,1,2022-12-30 10:20:00+05:30,2022-12-30 10:25:00+05:30,2022-12-30 15:00:00+05:30,188.0,186.85714285714286,190.05714285714285,0.5,EOD+
S1456,WIPRO,2022-12-30 10:35:00+05:30,0.1981,0.3021,0,,1.3222,20.0,-0.7386,0,1.7224,1.0,9,0,0,0,0,9,10,2022-12-30 11:20:00+05:30,2022-12-30 11:25:00+05:30,2022-12-30 15:00:00+05:30,187.9,187.17678571428573,189.2017857142857,0.6,EOD+
S1457,WIPRO,2022-12-30 11:30:00+05:30,-0.0799,-0.149,0,,0.4038,58.33,0.3333,0,3.0901,,0,1,0,0,1,0,1,2022-12-30 11:30:00+05:30,2022-12-30 11:35:00+05:30,2022-12-30 15:00:00+05:30,188.2,187.5035714285714,189.45357142857145,0.3,EOD+
S1458,WIPRO,2022-12-30 13:00:00+05:30,0.1392,0.1632,17,5.0,0.4,57.14,0.1111,0,0.553,,0,0,0,0,1,0,1,2022-12-30 13:00:00+05:30,2022-12-30 13:05:00+05:30,2022-12-30 14:05:00+05:30,188.75,188.1875,189.7625,-0.5625,L
S1459,WIPRO,2022-12-30 13:10:00+05:30,0.1113,0.1552,1,1.0,0.735,22.22,-0.0476,0,0.4557,0.0,1,0,0,0,0,1,2,2022-12-30 13:15:00+05:30,2022-12-30 13:20:00+05:30,2022-12-30 14:05:00+05:30,188.7,188.1642857142857,189.6642857142857,-0.5357,L
S1460,WIPRO,2022-12-30 13:25:00+05:30,0.0623,0.1113,0,,0.7737,50.0,-0.0476,0,0.7346,,0,0,0,0,1,0,1,2022-12-30 13:25:00+05:30,2022-12-30 13:30:00+05:30,2022-12-30 13:55:00+05:30,188.8,188.29107142857143,189.71607142857144,-0.5089,L
S1461,WIPRO,2022-12-30 13:35:00+05:30,0.045,0.0769,1,1.0,0.4246,33.33,0.0811,0,0.2109,,0,0,0,1,1,0,1,2022-12-30 13:35:00+05:30,2022-12-30 13:40:00+05:30,2022-12-30 13:55:00+05:30,188.75,188.20535714285714,189.73035714285714,-0.5446,L
